//=======================================
//-- Developer Takumi12
//=======================================
//-- Type : 1 - Dinamic || 2 - Static
//-- Monster: IndexMonster
//=======================================
//Monster Type IDEffect EffectValue JoinX JoinY jOinZ ColorR 		  ColorG ColorB Scale
904	  2    32003    25          0.0	  0.0	0.0     0.6000000238418579  0.0    0.0    0.30000001
904	  2    32003    50          0.0	  0.0	0.0     0.6000000238418579  0.0    0.0    0.30000001
904	  2    32003    25          0.0	  0.0	0.0     0.6000000238418579  0.0    0.0    1.0
904	  2    32003    50          0.0	  0.0	0.0     0.6000000238418579  0.0    0.0    1.0
//--
904	  1    32283    25          0.0	  -10.0	0.0     0.6000000238418579  0.0    0.0    2.0999999
904	  1    32283    50          0.0	  15.0	10.0    0.6000000238418579  0.0    0.0    2.0999999
end