//6913	32394	42	0	0.4	0.3	0.25	0.0	1.0	0.0
//6913	32394	94	0	0.4	0.3	0.25	0.0	1.0	0.0
//6913	32394	33	0	0.4	0.3	0.25	0.0	1.0	0.0
//6913	32394	83	0	0.4	0.3	0.25	0.0	1.0	0.0
//6913	32049	32	0	0.06	0.44	0.66	14.0	0.5	0.0
//6913	32049	41	0	0.06	0.44	0.66	14.0	0.5	0.0
//6913	32049	84	0	0.06	0.44	0.66	14.0	0.5	0.0
//6913	32049	95	0	0.06	0.44	0.66	14.0	0.5	0.0
//
//6856	32394	42	0	0.4	0.3	0.25	0.0	1.0	0.0
//6856	32394	94	0	0.4	0.3	0.25	0.0	1.0	0.0
//6856	32394	33	0	0.4	0.3	0.25	0.0	1.0	0.0
//6856	32394	83	0	0.4	0.3	0.25	0.0	1.0	0.0
//6856	32049	32	0	0.06	0.44	0.66	14.0	0.5	0.0
//6856	32049	41	0	0.06	0.44	0.66	14.0	0.5	0.0
//6856	32049	84	0	0.06	0.44	0.66	14.0	0.5	0.0
//6856	32049	95	0	0.06	0.44	0.66	14.0	0.5	0.0
//
////Horn of Steal
//1044 32395 9 0 0.25 0.25 0.25 0.0 0.0 0.0
//1044 32395 10 0 0.25 0.25 0.25 0.0 0.0 0.0
//1044 32395 11 0 0.25 0.25 0.25 0.0 0.0 0.0
//1044 32395 12 0 0.25 0.25 0.25 0.0 0.0 0.0
//1044 32395 13 0 0.25 0.25 0.25 0.0 0.0 0.0
//1044 32395 14 0 0.25 0.25 0.25 0.0 0.0 0.0
//
////Magmus Peer
//1548 32389 2 0 1.00 0.18 0.00 0.0 0.0 0.5
//1548 32389 4 0 1.00 0.18 0.00 0.0 0.0 0.5
//1548 32389 7 0 1.00 0.18 0.00 0.0 0.0 0.5
//
////Spite Staff
//2597 32392 3 0 1.00 1.00 1.00 0.0 0.0 0.5
//
//
////Angelic Bow
//2073 32119 13 0 0.50 0.87 0.40 0.0 -0.5 0.2
//
////Thunderbolt
//1043 32119 7 0 0.20 0.46 0.90 1.0 -0.5 1.0
//
////Blessed Staff
//2609 32074 8 0 0.00 0.38 1.00 2.0 0.0 -0.2
////Blessed Scepter
//1049 32395 24 0 0.35 0.34 1.00 0.0 0.0 10.4
//1049 32395 25 0 0.35 0.34 1.00 0.0 0.0 10.4
//1049 32395 40 0 0.35 0.34 1.00 0.0 0.0 10.4
//
////Blessed Stick
//2610 32113 17 0 1.00 1.00 1.00 5.0 -0.5 0.7
//
////Bloodangel Staff
//2601 32389 1 0 1.00 0.29 0.19 0.0 0.0 0.4
//2601 32395 1 0 1.00 0.29 0.19 0.0 9.0 0.1
//
////Bloodangel Sword
//42 32389 3 0 1.00 0.29 0.19 0.0 0.0 0.4
//
////Bloodangel Magic Sword
//44 32389 7 0 1.00 0.29 0.19 0.0 0.0 0.4
//
////Bloodangel Scpeter
//1046 32389 2 0 1.00 0.29 0.19 0.0 0.0 0.4
//
////Bloodangel Bow
//2076 32389 37 0 1.00 0.29 0.19 0.0 0.0 0.4
//
////Darkangel Staff
//2611 32119 9 0 1.00 0.33 0.94 1.0 -0.5 0.2
//
////Darkangel Scepter
//1050 32395 21 0 0.64 0.26 1.00 0.0 0.0 0.0
//
////HolyAngel Staff
//2613 32074 8 0 0.00 0.38 1.00 2.0 0.0 -0.2
//
////HolyAngel Stick
//2614 32074 3 0 0.00 0.38 1.00 2.0 0.0 -0.3
//2614 32074 4 0 0.00 0.38 1.00 2.0 0.0 -0.3
//2614 32074 5 0 0.00 0.38 1.00 2.0 0.0 -0.3
//2614 32074 6 0 0.00 0.38 1.00 2.0 0.0 -0.3
//
////Referre Cloak
////Gold
//6303 32077 18 0 1.00 0.95 0.49 0.9 0.0 0.0
//6303 32077 19 0 1.00 0.95 0.49 0.9 0.0 0.0
//6303 32077 20 0 1.00 0.95 0.49 1.0 0.0 0.0
//6303 32077 21 0 1.00 0.95 0.49 0.9 0.0 0.0
//6303 32077 22 0 1.00 0.95 0.49 0.9 0.0 0.0
//6303 32077 23 0 1.00 0.95 0.49 0.9 0.0 0.0
//6303 32077 24 0 1.00 0.95 0.49 0.9 0.0 0.0
//6303 32077 25 0 1.00 0.95 0.49 1.0 0.0 0.0
//6303 32077 16 0 1.00 0.95 0.49 0.9 0.0 0.0
//6303 32077 8 0 1.00 0.95 0.49 0.9 0.0 0.0
//6303 32077 17 0 1.00 0.95 0.49 1.0 0.0 0.0
//
////Silver Heart Sword 
//84 32113 4 0 3.0 0.73 6.0 3 -0.005 -0.005
//
////Silver Heart Magic Sword 
//82 32113 4 0 3.0 0.73 6.0 3 -0.005 -0.005
//
////Silver Heart Scepter
//1066 32113 3 0 3.0 0.73 6.0 3 -0.005 -0.005
//
////Silver Heart Mace
//1067 32113 115 0 3.0 0.73 6.0 3 -0.005 -0.005
//
////Silver Heart Lance
//1566 32113 3 0 3.0 0.73 6.0 3 -0.005 -0.005
//
////Silver Heart Bow
//2090 32113 2 0 3.0 0.73 6.0 3 -0.005 -0.005
//
////Silver Heart Staff
//2624 32113 11 0 3.0 0.73 6.0 3 -0.005 -0.005
//
////Silver Heart Stick
//2625 32113 5 0 3.0 0.73 6.0 3 -0.005 -0.005
end