//====================================================================
//-- Color Type:
//====================================================================
//-- TEXT_BLUE		=	1
//-- TEXT_RED		=	2
//-- TEXT_GOLD		=	3
//-- TEXT_GREN		=	4
//-- TEXT_WHITE_RED	=	5
//-- TEXT_PINK		=	6
//-- TEXT_WHITE_BLUE	=	7
//-- TEXT_WHITE_YELLOW	=	8
//-- TEXT_GREN_BLUE	=	9
//-- TEXT_GRAY		=	10
//-- TEXT_PINK2		=	11
//-- TEXT_PURPLE	=	12
//-- TEXT_ORANGE	=	13
//-- TEXT_WHITE		=	14
//-- DeepPink1		=	15 (255 20 147)
//-- RoyalBlue1		=	16 (72 118 255)
//-- SlateBlue1		=	17 (131 111 255)
//-- Azure2		=	18 (224 238 238)
//-- DarkSlateGray1	=	19 (151 255 255)
//-- SlateGray1		=	20 (198 226 255)
//-- MistyRose1		=	21 (255 228 225)
//-- LightSlateBlue	=	22 (132 112 255)
//-- DeepSkyBlue1	=	23 (0 191 255)
//-- Turquoise1		=	24 (0 245 255)
//====================================================================
//=========== Item
//TooltipStyle : 1 - hiện tất cấc dòng nhỏ hơn hơn
//				 2 - đến lv nào hiện lv đó
0
//IndexMin	IndexMax		Exc	TooltipStyle		Name							ColorName		Index1	 Color1		Level1	Index2	Color2	Leve2	Index3	Color3	Leve3	Index4	Color4	Level4	Index5	Color5	Level5	Index6	Color6	Level6	Index7	Color7	Level7	Index8	Color8	Level8	Index9	Color9	Level9	Index10	Color10	Level10	Index11	Color11	Level11	Index12	Color12	Level12	Index13	Color13	Level13	Index14	Color14	Level14	Index15	Color15	Level15
//2055			2055		1	 	2			"✧ Cường Hoá Tên Cung ✧"				8			82			3		 9		83   	3		10		84		3		11		85		3		12		86		3		13		-1		-1		-1		-1		-1		-1		-1		-1		-1		-1		-1		-1		-1		-1		-1		-1		-1		-1		-1		-1		-1		-1		-1		-1		-1		-1		-1		-1		-1		-1    
//2063			2063		1	 	2			"✧ Cường Hoá Tên Nỏ✧"					8			82			3		 9		83   	3		10		84		3		11		85		3		12		86		3		13		-1		-1		-1		-1		-1		-1		-1		-1		-1		-1		-1		-1		-1		-1		-1		-1		-1		-1		-1		-1		-1		-1		-1		-1		-1		-1		-1		-1		-1		-1    
// DW
//2569			   2569		1    2		"★VŨ KHÍ CẤP 5★"				  	           8			36		   3		 9		37		3		11		38		3		13		-1		-1		-1		-1		-1		-1		-1		-1		-1		-1		-1		-1		-1		-1		-1		-1		-1		-1		-1		-1		-1		-1		-1		-1		-1		-1		-1		-1		-1		-1		-1		-1		-1		-1		-1		-1
2571			   2571		1    2		"★VŨ KHÍ CẤP 6★"				 	           8			36		   3		 9		37		3		10		38		3		11		-1		-1		-1		-1		-1		-1		-1		-1		-1		-1		-1		-1		-1		-1		-1		-1		-1		-1		-1		-1		-1		-1		-1		-1		-1		-1		-1		-1		-1		-1		-1		-1		-1		-1		-1		-1
2573			   2573		1    2		"★VŨ KHÍ CẤP 7★"				  	           8			39		   3		 9		40		3		10		41		3		11		42		3		12		43		3		13		-1		-1		-1		-1		-1		-1		-1		-1		-1		-1		-1		-1		-1		-1		-1		-1		-1		-1		-1		-1		-1		-1		-1		-1		-1		-1		-1		-1		-1      -1
2570			   2570		1    2		"★VŨ KHÍ RỒNG★"				  	           8			44		   3		 9		45		3		10		46		3		11		47		3		12		48		3		13		49		3		14		50		3		15		-1		-1		-1		-1		-1		-1		-1		-1		-1		-1		-1		-1		-1		-1		-1		-1		-1		-1		-1		-1		-1		-1		-1		-1
2609			   2609		1    2		"★VŨ KHÍ RỒNG II★"				  	           8			65		   3		 9		66		3		10		67		3		11		68		3		12		69		3		13		70		3		14		71		3		15		-1		-1		-1		-1		-1		-1		-1		-1		-1		-1		-1		-1		-1		-1		-1		-1		-1		-1		-1		-1		-1		-1		-1		-1
2572			   2572		1    2		"★VŨ KHÍ CẤP 380★"				  	           8			51		   3		 9		52		3		10		53		3		11		54		3		12		55		3		13		56		3		14		57		3		15		-1		-1		-1		-1		-1		-1		-1		-1		-1		-1		-1		-1		-1		-1		-1		-1		-1		-1		-1		-1		-1		-1		-1		-1
2591			   2591		1    2		"★VŨ KHÍ CẤP 400★"				  	           8			58		   3		 9		59		3		10		60		3		11		61		3		12		62		3		13		63		3		14		64		3		15		-1		-1		-1		-1		-1		-1		-1		-1		-1		-1		-1		-1		-1		-1		-1		-1		-1		-1		-1		-1		-1		-1		-1		-1
2573			   2573		1    2		"★Bonus Vũ Khí★"				  	           8			108		   3		 -1		-1		-1		-1		-1		-1		-1		-1		-1		-1		-1		-1		-1		-1		-1		-1		-1		-1		-1		-1		-1		-1		-1		-1		-1		-1		-1		-1		-1		-1		-1		-1		-1		-1		-1		-1		-1		-1		-1		-1		-1		-1      -1
2570			   2570		1    2		"★Bonus Vũ Khí★"				  	           8			109		   3		 -1		-1		-1		-1		-1		-1		-1		-1		-1		-1		-1		-1		-1		-1		-1		-1		-1		-1		-1		-1		-1		-1		-1		-1		-1		-1		-1		-1		-1		-1		-1		-1		-1		-1		-1		-1		-1		-1		-1		-1		-1		-1      -1
2609			   2609		1    2		"★Bonus Vũ Khí★"				  	           8			110		   3		 -1		-1		-1		-1		-1		-1		-1		-1		-1		-1		-1		-1		-1		-1		-1		-1		-1		-1		-1		-1		-1		-1		-1		-1		-1		-1		-1		-1		-1		-1		-1		-1		-1		-1		-1		-1		-1		-1		-1		-1		-1		-1      -1
2572			   2572		1    2		"★Bonus Vũ Khí★"				  	           8			111		   3		 -1		-1		-1		-1		-1		-1		-1		-1		-1		-1		-1		-1		-1		-1		-1		-1		-1		-1		-1		-1		-1		-1		-1		-1		-1		-1		-1		-1		-1		-1		-1		-1		-1		-1		-1		-1		-1		-1		-1		-1		-1		-1      -1
2591			   2591		1    2		"★Bonus Vũ Khí★"				  	           8			112		   3		 -1		-1		-1		-1		-1		-1		-1		-1		-1		-1		-1		-1		-1		-1		-1		-1		-1		-1		-1		-1		-1		-1		-1		-1		-1		-1		-1		-1		-1		-1		-1		-1		-1		-1		-1		-1		-1		-1		-1		-1		-1		-1      -1

// DK                       
//17			   	17		1    2		"★VŨ KHÍ CẤP 5★"				  				8				7		   3		 9		8		3		11		9		3		13		10		3		15		-1		-1		-1		-1		-1		-1		-1		-1		-1		-1		-1		-1		-1		-1		-1		-1		-1		-1		-1		-1		-1		-1		-1		-1		-1		-1		-1		-1		-1		-1		-1		-1		-1
24			   		24		1    2		"★VŨ KHÍ CẤP 6★"				 				8				36		   3		 9		37		3		10		38		3		11		-1		-1		-1		-1		-1		-1		-1		-1		-1		-1		-1		-1		-1		-1		-1		-1		-1		-1		-1		-1		-1		-1		-1		-1		-1		-1		-1		-1		-1		-1		-1		-1		-1      -1		-1		-1
20			   		20		1    2		"★VŨ KHÍ CẤP 7★"				  				8				39		   3		 9		40		3		10		41		3		11		42		3		12		43		3		13		-1		-1		-1		-1		-1		-1		-1		-1		-1		-1		-1		-1		-1		-1		-1		-1		-1		-1		-1		-1		-1		-1		-1		-1		-1		-1		-1		-1		-1		-1
19			   		19		1    2		"★VŨ KHÍ RỒNG★"				  				8				44		   3		 9		45		3		10		46		3		11		47		3		12		48		3		13		49		3		14		50		3		15		-1		-1		-1		-1		-1		-1		-1		-1		-1		-1		-1		-1		-1		-1		-1		-1		-1		-1		-1		-1		-1		-1		-1		-1
51			   		51		1    2		"★VŨ KHÍ RỒNG II★"				  				8				65		   3		 9		66		3		10		67		3		11		68		3		12		69		3		13		70		3		14		71		3		15		-1		-1		-1		-1		-1		-1		-1		-1		-1		-1		-1		-1		-1		-1		-1		-1		-1		-1		-1		-1		-1		-1		-1		-1
22			   		22		1    2		"★VŨ KHÍ CẤP 380★"				  				8				51		   3		 9		52		3		10		53		3		11		54		3		12		55		3		13		56		3		14		57		3		15		-1		-1		-1		-1		-1		-1		-1		-1		-1		-1		-1		-1		-1		-1		-1		-1		-1		-1		-1		-1		-1		-1		-1		-1
26			   		26		1    2		"★VŨ KHÍ CẤP 400★"				  				8				58		   3		 9		59		3		10		60		3		11		61		3		12		62		3		13		63		3		14		64		3		15		-1		-1		-1		-1		-1		-1		-1		-1		-1		-1		-1		-1		-1		-1		-1		-1		-1		-1		-1		-1		-1		-1		-1		-1
27			   		27		1    2		"★VŨ KHÍ CẤP 400★"				  				8				58		   3		 9		59		3		10		60		3		11		61		3		12		62		3		13		63		3		14		64		3		15		-1		-1		-1		-1		-1		-1		-1		-1		-1		-1		-1		-1		-1		-1		-1		-1		-1		-1		-1		-1		-1		-1		-1		-1

20			   		20    	1	 2		"★Bonus Vũ Khí★"				  				8				108		   3		 -1		-1		-1		-1		-1		-1		-1		-1		-1		-1		-1		-1		-1		-1		-1		-1		-1		-1		-1		-1		-1		-1		-1		-1		-1		-1		-1		-1		-1		-1		-1		-1		-1		-1		-1		-1		-1		-1		-1		-1		-1		-1      -1
19			   		19    	1	 2		"★Bonus Vũ Khí★"				  				8				109		   3		 -1		-1		-1		-1		-1		-1		-1		-1		-1		-1		-1		-1		-1		-1		-1		-1		-1		-1		-1		-1		-1		-1		-1		-1		-1		-1		-1		-1		-1		-1		-1		-1		-1		-1		-1		-1		-1		-1		-1		-1		-1		-1      -1
51			   		51    	1	 2		"★Bonus Vũ Khí★"				  				8				110		   3		 -1		-1		-1		-1		-1		-1		-1		-1		-1		-1		-1		-1		-1		-1		-1		-1		-1		-1		-1		-1		-1		-1		-1		-1		-1		-1		-1		-1		-1		-1		-1		-1		-1		-1		-1		-1		-1		-1		-1		-1		-1		-1      -1
22			   		22    	1	 2		"★Bonus Vũ Khí★"				  				8				111		   3		 -1		-1		-1		-1		-1		-1		-1		-1		-1		-1		-1		-1		-1		-1		-1		-1		-1		-1		-1		-1		-1		-1		-1		-1		-1		-1		-1		-1		-1		-1		-1		-1		-1		-1		-1		-1		-1		-1		-1		-1		-1		-1      -1
26			   		26    	1	 2		"★Bonus Vũ Khí★"				  				8				112		   3		 -1		-1		-1		-1		-1		-1		-1		-1		-1		-1		-1		-1		-1		-1		-1		-1		-1		-1		-1		-1		-1		-1		-1		-1		-1		-1		-1		-1		-1		-1		-1		-1		-1		-1		-1		-1		-1		-1		-1		-1		-1		-1      -1
27			   		27    	1	 2		"★Bonus Vũ Khí★"				  				8				112		   3		 -1		-1		-1		-1		-1		-1		-1		-1		-1		-1		-1		-1		-1		-1		-1		-1		-1		-1		-1		-1		-1		-1		-1		-1		-1		-1		-1		-1		-1		-1		-1		-1		-1		-1		-1		-1		-1		-1		-1		-1		-1		-1      -1

// EF                       			
//2065			   2065		1    2		"★VŨ KHÍ CẤP 5★"				  				8				7		   3		 9		8		3		11		9		3		13		10		3		15		-1		-1		-1		-1		-1		-1		-1		-1		-1		-1		-1		-1		-1		-1		-1		-1		-1		-1		-1		-1		-1		-1		-1		-1		-1		-1		-1		-1		-1		-1		-1		-1		-1
2064			   2064		1    2		"★VŨ KHÍ CẤP 6★"				 				8				36		   3		 9		37		3		10		38		3		11		-1		-1		-1		-1		-1		-1		-1		-1		-1		-1		-1		-1		-1		-1		-1		-1		-1		-1		-1		-1		-1		-1		-1		-1		-1		-1		-1		-1		-1		-1		-1		-1		-1		-1		-1		-1
2068			   2068		1    2		"★VŨ KHÍ CẤP 6★"				 				8				36		   3		 9		37		3		10		38		3		11		-1		-1		-1		-1		-1		-1		-1		-1		-1		-1		-1		-1		-1		-1		-1		-1		-1		-1		-1		-1		-1		-1		-1		-1		-1		-1		-1		-1		-1		-1		-1		-1		-1		-1		-1		-1
2067			   2067		1    2		"★VŨ KHÍ CẤP 7★"				  				8				39		   3		 9		40		3		10		41		3		11		42		3		12		43		3		13		-1		-1		-1		-1		-1		-1		-1		-1		-1		-1		-1		-1		-1		-1		-1		-1		-1		-1		-1		-1		-1		-1		-1		-1		-1		-1		-1		-1		-1		-1
2066			   2066		1    2		"★VŨ KHÍ RỒNG★"				  				8				44		   3		 9		45		3		10		46		3		11		47		3		12		48		3		13		49		3		14		50		3		15		-1		-1		-1		-1		-1		-1		-1		-1		-1		-1		-1		-1		-1		-1		-1		-1		-1		-1		-1		-1		-1		-1		-1		-1
2078			   2078		1    2		"★VŨ KHÍ RỒNG II★"				  				8				65		   3		 9		66		3		10		67		3		11		68		3		12		69		3		13		70		3		14		71		3		15		-1		-1		-1		-1		-1		-1		-1		-1		-1		-1		-1		-1		-1		-1		-1		-1		-1		-1		-1		-1		-1		-1		-1		-1
2069			   2069		1    2		"★VŨ KHÍ CẤP 380★"				  				8				51		   3		 9		52		3		10		53		3		11		54		3		12		55		3		13		56		3		14		57		3		15		-1		-1		-1		-1		-1		-1		-1		-1		-1		-1		-1		-1		-1		-1		-1		-1		-1		-1		-1		-1		-1		-1		-1		-1
2071			   2071		1    2		"★VŨ KHÍ CẤP 400★"				  				8				58		   3		 9		59		3		10		60		3		11		61		3		12		62		3		13		63		3		14		64		3		15		-1		-1		-1		-1		-1		-1		-1		-1		-1		-1		-1		-1		-1		-1		-1		-1		-1		-1		-1		-1		-1		-1		-1		-1
2072			   2072		1    2		"★VŨ KHÍ CẤP 400★"				  				8				58		   3		 9		59		3		10		60		3		11		61		3		12		62		3		13		63		3		14		64		3		15		-1		-1		-1		-1		-1		-1		-1		-1		-1		-1		-1		-1		-1		-1		-1		-1		-1		-1		-1		-1		-1		-1		-1		-1
			
2067			   2067    	1	 2		"★Bonus Vũ Khí★"				  				8				108		   3		 -1		-1		-1		-1		-1		-1		-1		-1		-1		-1		-1		-1		-1		-1		-1		-1		-1		-1		-1		-1		-1		-1		-1		-1		-1		-1		-1		-1		-1		-1		-1		-1		-1		-1		-1		-1		-1		-1		-1		-1		-1		-1      -1
2066			   2066    	1	 2		"★Bonus Vũ Khí★"				  				8				109		   3		 -1		-1		-1		-1		-1		-1		-1		-1		-1		-1		-1		-1		-1		-1		-1		-1		-1		-1		-1		-1		-1		-1		-1		-1		-1		-1		-1		-1		-1		-1		-1		-1		-1		-1		-1		-1		-1		-1		-1		-1		-1		-1      -1
2078			   2078    	1	 2		"★Bonus Vũ Khí★"				  				8				110		   3		 -1		-1		-1		-1		-1		-1		-1		-1		-1		-1		-1		-1		-1		-1		-1		-1		-1		-1		-1		-1		-1		-1		-1		-1		-1		-1		-1		-1		-1		-1		-1		-1		-1		-1		-1		-1		-1		-1		-1		-1		-1		-1      -1
2069			   2069    	1	 2		"★Bonus Vũ Khí★"				  				8				111		   3		 -1		-1		-1		-1		-1		-1		-1		-1		-1		-1		-1		-1		-1		-1		-1		-1		-1		-1		-1		-1		-1		-1		-1		-1		-1		-1		-1		-1		-1		-1		-1		-1		-1		-1		-1		-1		-1		-1		-1		-1		-1		-1      -1
2071			   2071    	1	 2		"★Bonus Vũ Khí★"				  				8				112		   3		 -1		-1		-1		-1		-1		-1		-1		-1		-1		-1		-1		-1		-1		-1		-1		-1		-1		-1		-1		-1		-1		-1		-1		-1		-1		-1		-1		-1		-1		-1		-1		-1		-1		-1		-1		-1		-1		-1		-1		-1		-1		-1      -1
2072			   2072    	1	 2		"★Bonus Vũ Khí★"				  				8				112		   3		 -1		-1		-1		-1		-1		-1		-1		-1		-1		-1		-1		-1		-1		-1		-1		-1		-1		-1		-1		-1		-1		-1		-1		-1		-1		-1		-1		-1		-1		-1		-1		-1		-1		-1		-1		-1		-1		-1		-1		-1		-1		-1      -1

// MG                                                                       			                           
//31			   31		1    2		"★VŨ KHÍ CẤP 5★"				    			8				7		   3		 9		8		3		11		9		3		13		10		3		15		-1		-1		-1		-1		-1		-1		-1		-1		-1		-1		-1		-1		-1		-1		-1		-1		-1		-1		-1		-1		-1		-1		-1		-1		-1		-1		-1		-1		-1		-1		-1		-1		-1
25			   	   25		1    2		"★VŨ KHÍ CẤP 6★"				 				8				36		   3		 9		37		3		10		38		3		11		-1		-1		-1		-1		-1		-1		-1		-1		-1		-1		-1		-1		-1		-1		-1		-1		-1		-1		-1		-1		-1		-1		-1		-1		-1		-1		-1		-1		-1		-1		-1		-1		-1		-1		-1		-1
21			   	   21		1    2		"★VŨ KHÍ CẤP 7★"				  				8				39		   3		 9		40		3		10		41		3		11		42		3		12		43		3		13		-1		-1		-1		-1		-1		-1		-1		-1		-1		-1		-1		-1		-1		-1		-1		-1		-1		-1		-1		-1		-1		-1		-1		-1		-1		-1		-1		-1		-1		-1
85			   	   85		1    2		"★VŨ KHÍ RỒNG★"				  				8				44		   3		 9		45		3		10		46		3		11		47		3		12		48		3		13		49		3		14		50		3		15		-1		-1		-1		-1		-1		-1		-1		-1		-1		-1		-1		-1		-1		-1		-1		-1		-1		-1		-1		-1		-1		-1		-1		-1
86			   	   86		1    2		"★VŨ KHÍ RỒNG II★"				  				8				65		   3		 9		66		3		10		67		3		11		68		3		12		69		3		13		70		3		14		71		3		15		-1		-1		-1		-1		-1		-1		-1		-1		-1		-1		-1		-1		-1		-1		-1		-1		-1		-1		-1		-1		-1		-1		-1		-1
23			   	   23		1    2		"★VŨ KHÍ CẤP 380★"				  				8				51		   3		 9		52		3		10		53		3		11		54		3		12		55		3		13		56		3		14		57		3		15		-1		-1		-1		-1		-1		-1		-1		-1		-1		-1		-1		-1		-1		-1		-1		-1		-1		-1		-1		-1		-1		-1		-1		-1
28			   	   28		1    2		"★VŨ KHÍ CẤP 400★"				  				8				58		   3		 9		59		3		10		60		3		11		61		3		12		62		3		13		63		3		14		64		3		15		-1		-1		-1		-1		-1		-1		-1		-1		-1		-1		-1		-1		-1		-1		-1		-1		-1		-1		-1		-1		-1		-1		-1		-1
2590		   	   2590		1    2		"★VŨ KHÍ CẤP 400★"				  				8				58		   3		 9		59		3		10		60		3		11		61		3		12		62		3		13		63		3		14		64		3		15		-1		-1		-1		-1		-1		-1		-1		-1		-1		-1		-1		-1		-1		-1		-1		-1		-1		-1		-1		-1		-1		-1		-1		-1

21				21	    	1	 2		"★Bonus Vũ Khí★"				  				8				108		   3		 -1		-1		-1		-1		-1		-1		-1		-1		-1		-1		-1		-1		-1		-1		-1		-1		-1		-1		-1		-1		-1		-1		-1		-1		-1		-1		-1		-1		-1		-1		-1		-1		-1		-1		-1		-1		-1		-1		-1		-1		-1		-1      -1
85				85	    	1	 2		"★Bonus Vũ Khí★"				  				8				109		   3		 -1		-1		-1		-1		-1		-1		-1		-1		-1		-1		-1		-1		-1		-1		-1		-1		-1		-1		-1		-1		-1		-1		-1		-1		-1		-1		-1		-1		-1		-1		-1		-1		-1		-1		-1		-1		-1		-1		-1		-1		-1		-1      -1
86				86	    	1	 2		"★Bonus Vũ Khí★"				  				8				110		   3		 -1		-1		-1		-1		-1		-1		-1		-1		-1		-1		-1		-1		-1		-1		-1		-1		-1		-1		-1		-1		-1		-1		-1		-1		-1		-1		-1		-1		-1		-1		-1		-1		-1		-1		-1		-1		-1		-1		-1		-1		-1		-1      -1
23				23	    	1	 2		"★Bonus Vũ Khí★"				  				8				111		   3		 -1		-1		-1		-1		-1		-1		-1		-1		-1		-1		-1		-1		-1		-1		-1		-1		-1		-1		-1		-1		-1		-1		-1		-1		-1		-1		-1		-1		-1		-1		-1		-1		-1		-1		-1		-1		-1		-1		-1		-1		-1		-1      -1
28				28	    	1	 2		"★Bonus Vũ Khí★"				  				8				112		   3		 -1		-1		-1		-1		-1		-1		-1		-1		-1		-1		-1		-1		-1		-1		-1		-1		-1		-1		-1		-1		-1		-1		-1		-1		-1		-1		-1		-1		-1		-1		-1		-1		-1		-1		-1		-1		-1		-1		-1		-1		-1		-1      -1
2590			2590    	1	 2		"★Bonus Vũ Khí★"				  				8				112		   3		 -1		-1		-1		-1		-1		-1		-1		-1		-1		-1		-1		-1		-1		-1		-1		-1		-1		-1		-1		-1		-1		-1		-1		-1		-1		-1		-1		-1		-1		-1		-1		-1		-1		-1		-1		-1		-1		-1		-1		-1		-1		-1      -1

// DL                                                                       			                                    
//1035			   1035		1    2		"★VŨ KHÍ CẤP 5★"				  				8				7		   3		 9		8		3		11		9		3		13		10		3		15		-1		-1		-1		-1		-1		-1		-1		-1		-1		-1		-1		-1		-1		-1		-1		-1		-1		-1		-1		-1		-1		-1		-1		-1		-1		-1		-1		-1		-1		-1		-1		-1		-1
1039			   1039		1    2		"★VŨ KHÍ CẤP 6★"				 				8				36		   3		 9		37		3		10		38		3		11		-1		-1		-1		-1		-1		-1		-1		-1		-1		-1		-1		-1		-1		-1		-1		-1		-1		-1		-1		-1		-1		-1		-1		-1		-1		-1		-1		-1		-1		-1		-1		-1		-1		-1		-1		-1
1036			   1036		1    2		"★VŨ KHÍ CẤP 7★"				  				8				39		   3		 9		40		3		10		41		3		11		42		3		12		43		3		13		-1		-1		-1		-1		-1		-1		-1		-1		-1		-1		-1		-1		-1		-1		-1		-1		-1		-1		-1		-1		-1		-1		-1		-1		-1		-1		-1		-1		-1		-1
1037			   1037		1    2		"★VŨ KHÍ RỒNG★"				  				8				44		   3		 9		45		3		10		46		3		11		47		3		12		48		3		13		49		3		14		50		3		15		-1		-1		-1		-1		-1		-1		-1		-1		-1		-1		-1		-1		-1		-1		-1		-1		-1		-1		-1		-1		-1		-1		-1		-1
1049			   1049		1    2		"★VŨ KHÍ RỒNG II★"				  				8				65		   3		 9		66		3		10		67		3		11		68		3		12		69		3		13		70		3		14		71		3		15		-1		-1		-1		-1		-1		-1		-1		-1		-1		-1		-1		-1		-1		-1		-1		-1		-1		-1		-1		-1		-1		-1		-1		-1
1038			   1038		1    2		"★VŨ KHÍ CẤP 380★"				  				8				51		   3		 9		52		3		10		53		3		11		54		3		12		55		3		13		56		3		14		57		3		15		-1		-1		-1		-1		-1		-1		-1		-1		-1		-1		-1		-1		-1		-1		-1		-1		-1		-1		-1		-1		-1		-1		-1		-1
1041			   1041		1    2		"★VŨ KHÍ CẤP 400★"				  				8				58		   3		 9		59		3		10		60		3		11		61		3		12		62		3		13		63		3		14		64		3		15		-1		-1		-1		-1		-1		-1		-1		-1		-1		-1		-1		-1		-1		-1		-1		-1		-1		-1		-1		-1		-1		-1		-1		-1

1036			   1036	    1	 2		"★Bonus Vũ Khí★"				  				8				108		   3		 -1		-1		-1		-1		-1		-1		-1		-1		-1		-1		-1		-1		-1		-1		-1		-1		-1		-1		-1		-1		-1		-1		-1		-1		-1		-1		-1		-1		-1		-1		-1		-1		-1		-1		-1		-1		-1		-1		-1		-1		-1		-1      -1
1037			   1037	    1	 2		"★Bonus Vũ Khí★"				  				8				109		   3		 -1		-1		-1		-1		-1		-1		-1		-1		-1		-1		-1		-1		-1		-1		-1		-1		-1		-1		-1		-1		-1		-1		-1		-1		-1		-1		-1		-1		-1		-1		-1		-1		-1		-1		-1		-1		-1		-1		-1		-1		-1		-1      -1
1049			   1049	    1	 2		"★Bonus Vũ Khí★"				  				8				110		   3		 -1		-1		-1		-1		-1		-1		-1		-1		-1		-1		-1		-1		-1		-1		-1		-1		-1		-1		-1		-1		-1		-1		-1		-1		-1		-1		-1		-1		-1		-1		-1		-1		-1		-1		-1		-1		-1		-1		-1		-1		-1		-1      -1
1038			   1038	    1	 2		"★Bonus Vũ Khí★"				  				8				111		   3		 -1		-1		-1		-1		-1		-1		-1		-1		-1		-1		-1		-1		-1		-1		-1		-1		-1		-1		-1		-1		-1		-1		-1		-1		-1		-1		-1		-1		-1		-1		-1		-1		-1		-1		-1		-1		-1		-1		-1		-1		-1		-1      -1
1041			   1041	    1	 2		"★Bonus Vũ Khí★"				  				8				112		   3		 -1		-1		-1		-1		-1		-1		-1		-1		-1		-1		-1		-1		-1		-1		-1		-1		-1		-1		-1		-1		-1		-1		-1		-1		-1		-1		-1		-1		-1		-1		-1		-1		-1		-1		-1		-1		-1		-1		-1		-1		-1		-1      -1

// RF                                                                       			                           
//32			   32		1    2		"★VŨ KHÍ CẤP 5★"				  				8				7		   3		 9		8		3		11		9		3		13		10		3		15		-1		-1		-1		-1		-1		-1		-1		-1		-1		-1		-1		-1		-1		-1		-1		-1		-1		-1		-1		-1		-1		-1		-1		-1		-1		-1		-1		-1		-1		-1		-1		-1		-1
33			   33		1    2		"★VŨ KHÍ CẤP 6★"				 	 				8				36		   3		 9		37		3		10		38		3		11		-1		-1		-1		-1		-1		-1		-1		-1		-1		-1		-1		-1		-1		-1		-1		-1		-1		-1		-1		-1		-1		-1		-1		-1		-1		-1		-1		-1		-1		-1		-1		-1		-1		-1		-1		-1
34			   34		1    2		"★VŨ KHÍ CẤP 7★"				  					8				39		   3		 9		40		3		10		41		3		11		42		3		12		43		3		13		-1		-1		-1		-1		-1		-1		-1		-1		-1		-1		-1		-1		-1		-1		-1		-1		-1		-1		-1		-1		-1		-1		-1		-1		-1		-1		-1		-1		-1		-1
60			   60		1    2		"★VŨ KHÍ RỒNG★"				  					8				44		   3		 9		45		3		10		46		3		11		47		3		12		48		3		13		49		3		14		50		3		15		-1		-1		-1		-1		-1		-1		-1		-1		-1		-1		-1		-1		-1		-1		-1		-1		-1		-1		-1		-1		-1		-1		-1		-1
61			   61		1    2		"★VŨ KHÍ RỒNG II★"				  					8				65		   3		 9		66		3		10		67		3		11		68		3		12		69		3		13		70		3		14		71		3		15		-1		-1		-1		-1		-1		-1		-1		-1		-1		-1		-1		-1		-1		-1		-1		-1		-1		-1		-1		-1		-1		-1		-1		-1
35			   35		1    2		"★VŨ KHÍ CẤP 380★"				  					8				51		   3		 9		52		3		10		53		3		11		54		3		12		55		3		13		56		3		14		57		3		15		-1		-1		-1		-1		-1		-1		-1		-1		-1		-1		-1		-1		-1		-1		-1		-1		-1		-1		-1		-1		-1		-1		-1		-1
81			   81		1    2		"★VŨ KHÍ CẤP 400★"				  					8				58		   3		 9		59		3		10		60		3		11		61		3		12		62		3		13		63		3		14		64		3		15		-1		-1		-1		-1		-1		-1		-1		-1		-1		-1		-1		-1		-1		-1		-1		-1		-1		-1		-1		-1		-1		-1		-1		-1
			
34			   34	    1	 2		"★Bonus Vũ Khí★"				  					8				108		   3		 -1		-1		-1		-1		-1		-1		-1		-1		-1		-1		-1		-1		-1		-1		-1		-1		-1		-1		-1		-1		-1		-1		-1		-1		-1		-1		-1		-1		-1		-1		-1		-1		-1		-1		-1		-1		-1		-1		-1		-1		-1		-1      -1
60			   60	    1	 2		"★Bonus Vũ Khí★"				  					8				109		   3		 -1		-1		-1		-1		-1		-1		-1		-1		-1		-1		-1		-1		-1		-1		-1		-1		-1		-1		-1		-1		-1		-1		-1		-1		-1		-1		-1		-1		-1		-1		-1		-1		-1		-1		-1		-1		-1		-1		-1		-1		-1		-1      -1
61			   61	    1	 2		"★Bonus Vũ Khí★"				  					8				110		   3		 -1		-1		-1		-1		-1		-1		-1		-1		-1		-1		-1		-1		-1		-1		-1		-1		-1		-1		-1		-1		-1		-1		-1		-1		-1		-1		-1		-1		-1		-1		-1		-1		-1		-1		-1		-1		-1		-1		-1		-1		-1		-1      -1
35			   35	    1	 2		"★Bonus Vũ Khí★"				  					8				111		   3		 -1		-1		-1		-1		-1		-1		-1		-1		-1		-1		-1		-1		-1		-1		-1		-1		-1		-1		-1		-1		-1		-1		-1		-1		-1		-1		-1		-1		-1		-1		-1		-1		-1		-1		-1		-1		-1		-1		-1		-1		-1		-1      -1
81			   81	    1	 2		"★Bonus Vũ Khí★"				  					8				112		   3		 -1		-1		-1		-1		-1		-1		-1		-1		-1		-1		-1		-1		-1		-1		-1		-1		-1		-1		-1		-1		-1		-1		-1		-1		-1		-1		-1		-1		-1		-1		-1		-1		-1		-1		-1		-1		-1		-1		-1		-1		-1		-1      -1

// SU                                                                       			                           
//2577			   2577		1    2		"★VŨ KHÍ CẤP 5★"				  				8				7		   3		 9		8		3		11		9		3		13		10		3		15		-1		-1		-1		-1		-1		-1		-1		-1		-1		-1		-1		-1		-1		-1		-1		-1		-1		-1		-1		-1		-1		-1		-1		-1		-1		-1		-1		-1		-1		-1		-1		-1		-1
2578			   2578		1    2		"★VŨ KHÍ CẤP 6★"				 				8				36		   3		 9		37		3		10		38		3		11		-1		-1		-1		-1		-1		-1		-1		-1		-1		-1		-1		-1		-1		-1		-1		-1		-1		-1		-1		-1		-1		-1		-1		-1		-1		-1		-1		-1		-1		-1		-1		-1		-1		-1		-1		-1
2582			   2582		1    2		"★VŨ KHÍ CẤP 6★"				 				8				36		   3		 9		37		3		10		38		3		11		-1		-1		-1		-1		-1		-1		-1		-1		-1		-1		-1		-1		-1		-1		-1		-1		-1		-1		-1		-1		-1		-1		-1		-1		-1		-1		-1		-1		-1		-1		-1		-1		-1		-1		-1		-1
2594			   2594		1    2		"★VŨ KHÍ CẤP 7★"				  				8				39		   3		 9		40		3		10		41		3		11		42		3		12		43		3		13		-1		-1		-1		-1		-1		-1		-1		-1		-1		-1		-1		-1		-1		-1		-1		-1		-1		-1		-1		-1		-1		-1		-1		-1		-1		-1		-1		-1		-1		-1
2583			   2583		1    2		"★Sách Cấp 7★"				  					8				39		   3		 9		40		3		10		41		3		11		42		3		12		43		3		13		-1		-1		-1		-1		-1		-1		-1		-1		-1		-1		-1		-1		-1		-1		-1		-1		-1		-1		-1		-1		-1		-1		-1		-1		-1		-1		-1		-1		-1		-1
2596			   2596		1    2		"★VŨ KHÍ RỒNG★"				  				8				44		   3		 9		45		3		10		46		3		11		47		3		12		48		3		13		49		3		14		50		3		15		-1		-1		-1		-1		-1		-1		-1		-1		-1		-1		-1		-1		-1		-1		-1		-1		-1		-1		-1		-1		-1		-1		-1		-1
2610			   2610		1    2		"★VŨ KHÍ RỒNG II★"				  				8				65		   3		 9		66		3		10		67		3		11		68		3		12		69		3		13		70		3		14		71		3		15		-1		-1		-1		-1		-1		-1		-1		-1		-1		-1		-1		-1		-1		-1		-1		-1		-1		-1		-1		-1		-1		-1		-1		-1
2579			   2579		1    2		"★VŨ KHÍ CẤP 380★"				  				8				51		   3		 9		52		3		10		53		3		11		54		3		12		55		3		13		56		3		14		57		3		15		-1		-1		-1		-1		-1		-1		-1		-1		-1		-1		-1		-1		-1		-1		-1		-1		-1		-1		-1		-1		-1		-1		-1		-1
2592			   2592		1    2		"★VŨ KHÍ CẤP 400★"				  				8				58		   3		 9		59		3		10		60		3		11		61		3		12		62		3		13		63		3		14		64		3		15		-1		-1		-1		-1		-1		-1		-1		-1		-1		-1		-1		-1		-1		-1		-1		-1		-1		-1		-1		-1		-1		-1		-1		-1

2594			   2594	    1	 2		"★Bonus Vũ Khí★"				  				8				108		   3		 -1		-1		-1		-1		-1		-1		-1		-1		-1		-1		-1		-1		-1		-1		-1		-1		-1		-1		-1		-1		-1		-1		-1		-1		-1		-1		-1		-1		-1		-1		-1		-1		-1		-1		-1		-1		-1		-1		-1		-1		-1		-1      -1
2596			   2596	    1	 2		"★Bonus Vũ Khí★"				  				8				109		   3		 -1		-1		-1		-1		-1		-1		-1		-1		-1		-1		-1		-1		-1		-1		-1		-1		-1		-1		-1		-1		-1		-1		-1		-1		-1		-1		-1		-1		-1		-1		-1		-1		-1		-1		-1		-1		-1		-1		-1		-1		-1		-1      -1
2610			   2610	    1	 2		"★Bonus Vũ Khí★"				  				8				110		   3		 -1		-1		-1		-1		-1		-1		-1		-1		-1		-1		-1		-1		-1		-1		-1		-1		-1		-1		-1		-1		-1		-1		-1		-1		-1		-1		-1		-1		-1		-1		-1		-1		-1		-1		-1		-1		-1		-1		-1		-1		-1		-1      -1
2579			   2579	    1	 2		"★Bonus Vũ Khí★"				  				8				111		   3		 -1		-1		-1		-1		-1		-1		-1		-1		-1		-1		-1		-1		-1		-1		-1		-1		-1		-1		-1		-1		-1		-1		-1		-1		-1		-1		-1		-1		-1		-1		-1		-1		-1		-1		-1		-1		-1		-1		-1		-1		-1		-1      -1
2592			   2592	    1	 2		"★Bonus Vũ Khí★"				  				8				112		   3		 -1		-1		-1		-1		-1		-1		-1		-1		-1		-1		-1		-1		-1		-1		-1		-1		-1		-1		-1		-1		-1		-1		-1		-1		-1		-1		-1		-1		-1		-1		-1		-1		-1		-1		-1		-1		-1		-1		-1		-1		-1		-1      -1

//Wing 1                                                                     			                           
6144				6146	0	2	"★TÍNH NĂNG WING 1★"								8				72		   3		 9		73		3		10		74		3		11		-1		-1		-1		-1		-1		-1		-1		-1		-1		-1		-1		-1		-1		-1		-1		-1		-1		-1		-1		-1		-1		-1		-1		-1		-1		-1		-1		-1		-1		-1		-1		-1		-1		-1		-1		-1
6185				6185	0	2	"★TÍNH NĂNG WING 1★"								8				72		   3		 9		73		3		10		74		3		11		-1		-1		-1		-1		-1		-1		-1		-1		-1		-1		-1		-1		-1		-1		-1		-1		-1		-1		-1		-1		-1		-1		-1		-1		-1		-1		-1		-1		-1		-1		-1		-1		-1		-1		-1		-1
//Wing 2                                                                     			                           
6147				6150	0	2	"★TÍNH NĂNG WING 2★"								8				76		   3		 9		77		3		10		78		3		11		79		3		12		80		3		13		-1		-1		-1		-1		-1		-1		-1		-1		-1		-1		-1		-1		-1		-1		-1		-1		-1		-1		-1		-1		-1		-1		-1		-1		-1		-1		-1		-1		-1		-1
6193				6193	0	2	"★TÍNH NĂNG WING 2★"								8				76		   3		 9		77		3		10		78		3		11		79		3		12		80		3		13		-1		-1		-1		-1		-1		-1		-1		-1		-1		-1		-1		-1		-1		-1		-1		-1		-1		-1		-1		-1		-1		-1		-1		-1		-1		-1		-1		-1		-1		-1
6686				6686	0	2	"★TÍNH NĂNG WING 2★"								8				76		   3		 9		77		3		10		78		3		11		79		3		12		80		3		13		-1		-1		-1		-1		-1		-1		-1		-1		-1		-1		-1		-1		-1		-1		-1		-1		-1		-1		-1		-1		-1		-1		-1		-1		-1		-1		-1		-1		-1		-1
6186				6186	0	2	"★TÍNH NĂNG WING 2★"								8				76		   3		 9		77		3		10		78		3		11		79		3		12		80		3		13		-1		-1		-1		-1		-1		-1		-1		-1		-1		-1		-1		-1		-1		-1		-1		-1		-1		-1		-1		-1		-1		-1		-1		-1		-1		-1		-1		-1		-1		-1
// Wing 2.5			
6294				6296	0	2	"★TÍNH NĂNG WING 2.5★"								8				82		   3		 9		83		3		10		84		3		11		85		3		12		86		3		13		87		3		14		88		3		15		-1		-1		-1		-1		-1		-1		-1		-1		-1		-1		-1		-1		-1		-1		-1		-1		-1		-1		-1		-1		-1		-1		-1		-1
6299				6299	0	2	"★TÍNH NĂNG WING 2.5★"								8				82		   3		 9		83		3		10		84		3		11		85		3		12		86		3		13		87		3		14		88		3		15		-1		-1		-1		-1		-1		-1		-1		-1		-1		-1		-1		-1		-1		-1		-1		-1		-1		-1		-1		-1		-1		-1		-1		-1
//Wing 3                                                                     			                           
6180				6184	0	2	"★TÍNH NĂNG WING 3★"								8				89		   3		 9		90		3		10		91		3		11		92		3		12		93		3		13		94		3		14		95		3		15		-1		-1		-1		-1		-1		-1		-1		-1		-1		-1		-1		-1		-1		-1		-1		-1		-1		-1		-1		-1		-1		-1		-1		-1
6187				6187	0	2	"★TÍNH NĂNG WING 3★"								8				89		   3		 9		90		3		10		91		3		11		92		3		12		93		3		13		94		3		14		95		3		15		-1		-1		-1		-1		-1		-1		-1		-1		-1		-1		-1		-1		-1		-1		-1		-1		-1		-1		-1		-1		-1		-1		-1		-1
6194				6194	0	2	"★TÍNH NĂNG WING 3★"								8				89		   3		 9		90		3		10		91		3		11		92		3		12		93		3		13		94		3		14		95		3		15		-1		-1		-1		-1		-1		-1		-1		-1		-1		-1		-1		-1		-1		-1		-1		-1		-1		-1		-1		-1		-1		-1		-1		-1

////---------- Ring và Pen---------------//                                 			                             
6668				6669	1	2	"★THUỘC TÍNH PEDAN★"								8				102		   3		 3		103		3		6		104		3		9		105		3		11		106		3		13		107		3		15		-1		-1		-1		-1		-1		-1		-1		-1		-1		-1		-1		-1		-1		-1		-1		-1		-1		-1		-1		-1		-1		-1		-1		-1		-1		-1		-1
6681				6684	1	2	"★THUỘC TÍNH PEDAN★"								8				102		   3		 3		103		3		6		104		3		9		105		3		11		106		3		13		107		3		15		-1		-1		-1		-1		-1		-1		-1		-1		-1		-1		-1		-1		-1		-1		-1		-1		-1		-1		-1		-1		-1		-1		-1		-1		-1		-1		-1
6664				6665	1	2	"★THUỘC TÍNH RING★"				    			8				96		   3		 3		97		3		6		98		3		9		99		3		11		100		3		13		101		3		15		-1		-1		-1		-1		-1		-1		-1		-1		-1		-1		-1		-1		-1		-1		-1		-1		-1		-1		-1		-1		-1		-1		-1		-1		-1		-1		-1
6677				6680	1	2	"★THUỘC TÍNH RING★"				    			8				96		   3		 3		97		3		6		98		3		9		99		3		11		100		3		13		101		3		15		-1		-1		-1		-1		-1		-1		-1		-1		-1		-1		-1		-1		-1		-1		-1		-1		-1		-1		-1		-1		-1		-1		-1		-1		-1		-1		-1

////---------- Khiên---------------//   
//
3083				3083	1	 2	"★THUỘC TÍNH KHIÊN★"						  		7				1		   3		 9		2		3		10		2		3		11		4		3		12		5		3		13		6		3		14		7		-1		-1		-1		-1		-1		-1		-1		-1		-1		-1		-1		-1		-1		-1		-1		-1		-1		-1		-1		-1		-1		-1		-1		-1		-1		-1
3084				3084	1	 2	"★THUỘC TÍNH KHIÊN★"						  		7				8		   3		 9		9		3		10		10		3		11		11		3		12		12		3		13		13		3		14		14		-1		-1		-1		-1		-1		-1		-1		-1		-1		-1		-1		-1		-1		-1		-1		-1		-1		-1		-1		-1		-1		-1		-1		-1		-1      -1
3086				3086	1	 2	"★THUỘC TÍNH KHIÊN★"						  		7				8		   3		 9		9		3		10		10		3		11		11		3		12		12		3		13		13		3		14		14		-1		-1		-1		-1		-1		-1		-1		-1		-1		-1		-1		-1		-1		-1		-1		-1		-1		-1		-1		-1		-1		-1		-1		-1		-1      -1
3085				3085	1	 2	"★THUỘC TÍNH KHIÊN★"						  		7			    15	       3		 9		16		3		10		17		3		11		18		3		12		19		3		13		20		3		14		21		-1		-1		-1		-1		-1		-1		-1		-1		-1		-1		-1		-1		-1		-1		-1		-1		-1		-1		-1		-1		-1		-1		-1		-1		-1		-1
3087				3088	1	 2	"★THUỘC TÍNH KHIÊN★"						  		7			    15	       3		 9		16		3		10		17		3		11		18		3		12		19		3		13		20		3		14		21		-1		-1		-1		-1		-1		-1		-1		-1		-1		-1		-1		-1		-1		-1		-1		-1		-1		-1		-1		-1		-1		-1		-1		-1		-1		-1
3093				3093	1	 2	"★THUỘC TÍNH KHIÊN★"						  		7				15		   3		 9		16		3		10		17		3		11		18		3		12		19		3		13		20		3		14		21		-1		-1		-1		-1		-1		-1		-1		-1		-1		-1		-1		-1		-1		-1		-1		-1		-1		-1		-1		-1		-1		-1		-1		-1		-1		-1
3089				3092	1	 2	"★THUỘC TÍNH KHIÊN★"						  		7				22		   3		 9		23		3		10		24		3		11		25		3		12		26		3		13		27		3		14		28		-1		-1		-1		-1		-1		-1		-1		-1		-1		-1		-1		-1		-1		-1		-1		-1		-1		-1		-1		-1		-1		-1		-1		-1		-1		-1
end
//=========== Set Item
//TooltipStyle : 1 - hiện tất cấc dòng nhỏ hơn hơn
//				 2 - đến lv nào hiện lv đó
1
//IndexMin	IndexMax	Exc		TooltipStyle			Name	ColorName		Index1	 Color1		Level1	Index2	Color2	Leve2	Index3	Color3	Leve3	Index4	Color4	Level4	Index5	Color5	Level5	Index6	Color6	Level6	Index7	Color7	Level7	Index8	Color8	Level8	Index9	Color9	Level9	Index10	Color10	Level10	Index11	Color11	Level11	Index12	Color12	Level12	Index13	Color13	Level13	Index14	Color14	Level14	Index15	Color15	Level15
//----------Cấp 5---------------//
35				35		 1   	2		"★SET ITEM CẤP 5★"		  7				  1		   3		 9		2		3		10		3		3		11		-1		-1		-1		-1		-1		-1		-1		-1		-1		-1		-1		-1		-1		-1		-1		-1		-1		-1		-1		-1		-1		-1		-1		-1		-1		-1		-1		-1		-1		-1		-1		-1		-1		-1		-1		-1
16				16		 1   	2		"★SET ITEM CẤP 5★"		  7				  1		   3		 9		2		3		10		3		3		11		-1		-1		-1		-1		-1		-1		-1		-1		-1		-1		-1		-1		-1		-1		-1		-1		-1		-1		-1		-1		-1		-1		-1		-1		-1		-1		-1		-1		-1		-1		-1		-1		-1		-1		-1		-1
36				36		 1   	2		"★SET ITEM CẤP 5★"		  7				  1		   3		 9		2		3		10		3		3		11		-1		-1		-1		-1		-1		-1		-1		-1		-1		-1		-1		-1		-1		-1		-1		-1		-1		-1		-1		-1		-1		-1		-1		-1		-1		-1		-1		-1		-1		-1		-1		-1		-1		-1		-1		-1
37				37		 1   	2		"★SET ITEM CẤP 5★"		  7				  1		   3		 9		2		3		10		3		3		11		-1		-1		-1		-1		-1		-1		-1		-1		-1		-1		-1		-1		-1		-1		-1		-1		-1		-1		-1		-1		-1		-1		-1		-1		-1		-1		-1		-1		-1		-1		-1		-1		-1		-1		-1		-1
27				27		 1   	2		"★SET ITEM CẤP 5★"		  7				  1		   3		 9		2		3		10		3		3		11		-1		-1		-1		-1		-1		-1		-1		-1		-1		-1		-1		-1		-1		-1		-1		-1		-1		-1		-1		-1		-1		-1		-1		-1		-1		-1		-1		-1		-1		-1		-1		-1		-1		-1		-1		-1
59				59		 1   	2		"★SET ITEM CẤP 5★"		  7				  1		   3		 9		2		3		10		3		3		11		-1		-1		-1		-1		-1		-1		-1		-1		-1		-1		-1		-1		-1		-1		-1		-1		-1		-1		-1		-1		-1		-1		-1		-1		-1		-1		-1		-1		-1		-1		-1		-1		-1		-1		-1		-1
40				40		 1   	2		"★SET ITEM CẤP 5★"		  7				  1		   3		 9		2		3		10		3		3		11		-1		-1		-1		-1		-1		-1		-1		-1		-1		-1		-1		-1		-1		-1		-1		-1		-1		-1		-1		-1		-1		-1		-1		-1		-1		-1		-1		-1		-1		-1		-1		-1		-1		-1		-1		-1

////----------Cấp 6---------------//		
18				18		 1   	2		"★SET ITEM CẤP 6★"		  7				  8		   3		 9		9		3		10		10		3		11		11		3		12		12		3		13		-1		-1		-1		-1		-1		-1		-1		-1		-1		-1		-1		-1		-1		-1		-1		-1		-1		-1		-1		-1		-1		-1		-1		-1		-1		-1		-1		-1		-1      -1
17				17		 1   	2		"★SET ITEM CẤP 6★"		  7				  8		   3		 9		9		3		10		10		3		11		11		3		12		12		3		13		-1		-1		-1		-1		-1		-1		-1		-1		-1		-1		-1		-1		-1		-1		-1		-1		-1		-1		-1		-1		-1		-1		-1		-1		-1		-1		-1		-1		-1      -1
19				19		 1   	2		"★SET ITEM CẤP 6★"		  7				  8		   3		 9		9		3		10		10		3		11		11		3		12		12		3		13		-1		-1		-1		-1		-1		-1		-1		-1		-1		-1		-1		-1		-1		-1		-1		-1		-1		-1		-1		-1		-1		-1		-1		-1		-1		-1		-1		-1		-1      -1
20				20		 1   	2		"★SET ITEM CẤP 6★"		  7				  8		   3		 9		9		3		10		10		3		11		11		3		12		12		3		13		-1		-1		-1		-1		-1		-1		-1		-1		-1		-1		-1		-1		-1		-1		-1		-1		-1		-1		-1		-1		-1		-1		-1		-1		-1		-1		-1		-1		-1      -1
38				38		 1   	2		"★SET ITEM CẤP 6★"		  7				  8		   3		 9		9		3		10		10		3		11		11		3		12		12		3		13		-1		-1		-1		-1		-1		-1		-1		-1		-1		-1		-1		-1		-1		-1		-1		-1		-1		-1		-1		-1		-1		-1		-1		-1		-1		-1		-1		-1		-1      -1
41				41		 1   	2		"★SET ITEM CẤP 6★"		  7				  8		   3		 9		9		3		10		10		3		11		11		3		12		12		3		13		-1		-1		-1		-1		-1		-1		-1		-1		-1		-1		-1		-1		-1		-1		-1		-1		-1		-1		-1		-1		-1		-1		-1		-1		-1		-1		-1		-1		-1      -1
60				60		 1   	2		"★SET ITEM CẤP 6★"		  7				  8		   3		 9		9		3		10		10		3		11		11		3		12		12		3		13		-1		-1		-1		-1		-1		-1		-1		-1		-1		-1		-1		-1		-1		-1		-1		-1		-1		-1		-1		-1		-1		-1		-1		-1		-1		-1		-1		-1		-1      -1

//----------Cấp 7---------------//
22				22		 1   	2		"★SET ITEM CẤP 7★"		  7				  15		3		 9		16		3		10		17		3		11		18		3		12		19		3		13		20		3		14		21		3		15		-1		-1		-1		-1		-1		-1		-1		-1		-1		-1		-1		-1		-1		-1		-1		-1		-1		-1		-1		-1		-1		-1		-1		-1
21				21		 1   	2		"★SET ITEM CẤP 7★"		  7				  15		3		 9		16		3		10		17		3		11		18		3		12		19		3		13		20		3		14		21		3		15		-1		-1		-1		-1		-1		-1		-1		-1		-1		-1		-1		-1		-1		-1		-1		-1		-1		-1		-1		-1		-1		-1		-1		-1
24				24		 1   	2		"★SET ITEM CẤP 7★"		  7				  15		3		 9		16		3		10		17		3		11		18		3		12		19		3		13		20		3		14		21		3		15		-1		-1		-1		-1		-1		-1		-1		-1		-1		-1		-1		-1		-1		-1		-1		-1		-1		-1		-1		-1		-1		-1		-1		-1
23				23		 1   	2		"★SET ITEM CẤP 7★"		  7				  15		3		 9		16		3		10		17		3		11		18		3		12		19		3		13		20		3		14		21		3		15		-1		-1		-1		-1		-1		-1		-1		-1		-1		-1		-1		-1		-1		-1		-1		-1		-1		-1		-1		-1		-1		-1		-1		-1
28				28		 1   	2		"★SET ITEM CẤP 7★"		  7				  15		3		 9		16		3		10		17		3		11		18		3		12		19		3		13		20		3		14		21		3		15		-1		-1		-1		-1		-1		-1		-1		-1		-1		-1		-1		-1		-1		-1		-1		-1		-1		-1		-1		-1		-1		-1		-1		-1
61				61		 1   	2		"★SET ITEM CẤP 7★"		  7				  15		3		 9		16		3		10		17		3		11		18		3		12		19		3		13		20		3		14		21		3		15		-1		-1		-1		-1		-1		-1		-1		-1		-1		-1		-1		-1		-1		-1		-1		-1		-1		-1		-1		-1		-1		-1		-1		-1
42				42		 1   	2		"★SET ITEM CẤP 7★"		  7				  15		3		 9		16		3		10		17		3		11		18		3		12		19		3		13		20		3		14		21		3		15		-1		-1		-1		-1		-1		-1		-1		-1		-1		-1		-1		-1		-1		-1		-1		-1		-1		-1		-1		-1		-1		-1		-1		-1

//----------Cấp 380---------------//
30				30		 1   	2		"★SET ITEM 380★"		  7				  22		3		 9		23		3		10		24		3		11		25		3		12		26		3		13		27		3		14		28		3		15		-1		-1		-1		-1		-1		-1		-1		-1		-1		-1		-1		-1		-1		-1		-1		-1		-1		-1		-1		-1		-1		-1		-1		-1
29				29		 1   	2		"★SET ITEM 380★"		  7				  22		3		 9		23		3		10		24		3		11		25		3		12		26		3		13		27		3		14		28		3		15		-1		-1		-1		-1		-1		-1		-1		-1		-1		-1		-1		-1		-1		-1		-1		-1		-1		-1		-1		-1		-1		-1		-1		-1
31				31		 1   	2		"★SET ITEM 380★"		  7				  22		3		 9		23		3		10		24		3		11		25		3		12		26		3		13		27		3		14		28		3		15		-1		-1		-1		-1		-1		-1		-1		-1		-1		-1		-1		-1		-1		-1		-1		-1		-1		-1		-1		-1		-1		-1		-1		-1
32				32		 1   	2		"★SET ITEM 380★"		  7				  22		3		 9		23		3		10		24		3		11		25		3		12		26		3		13		27		3		14		28		3		15		-1		-1		-1		-1		-1		-1		-1		-1		-1		-1		-1		-1		-1		-1		-1		-1		-1		-1		-1		-1		-1		-1		-1		-1
33				33		 1   	2		"★SET ITEM 380★"		  7				  22		3		 9		23		3		10		24		3		11		25		3		12		26		3		13		27		3		14		28		3		15		-1		-1		-1		-1		-1		-1		-1		-1		-1		-1		-1		-1		-1		-1		-1		-1		-1		-1		-1		-1		-1		-1		-1		-1
73				73		 1   	2		"★SET ITEM 380★"		  7				  22		3		 9		23		3		10		24		3		11		25		3		12		26		3		13		27		3		14		28		3		15		-1		-1		-1		-1		-1		-1		-1		-1		-1		-1		-1		-1		-1		-1		-1		-1		-1		-1		-1		-1		-1		-1		-1		-1
43				43		 1   	2		"★SET ITEM 380★"		  7				  22		3		 9		23		3		10		24		3		11		25		3		12		26		3		13		27		3		14		28		3		15		-1		-1		-1		-1		-1		-1		-1		-1		-1		-1		-1		-1		-1		-1		-1		-1		-1		-1		-1		-1		-1		-1		-1		-1

//Cấp 400
52				52		 1   	2		"★SET ITEM 400★"		  7				  29		3		 9		30		3		10		31		3		11		32		3		12		33		3		13		34		3		14		35		3		15		-1		-1		-1		-1		-1		-1		-1		-1		-1		-1		-1		-1		-1		-1		-1		-1		-1		-1		-1		-1		-1		-1		-1		-1
45				45		 1   	2		"★SET ITEM 400★"		  7				  29		3		 9		30		3		10		31		3		11		32		3		12		33		3		13		34		3		14		35		3		15		-1		-1		-1		-1		-1		-1		-1		-1		-1		-1		-1		-1		-1		-1		-1		-1		-1		-1		-1		-1		-1		-1		-1		-1
46				46		 1   	2		"★SET ITEM 400★"		  7				  29		3		 9		30		3		10		31		3		11		32		3		12		33		3		13		34		3		14		35		3		15		-1		-1		-1		-1		-1		-1		-1		-1		-1		-1		-1		-1		-1		-1		-1		-1		-1		-1		-1		-1		-1		-1		-1		-1
49				49		 1   	2		"★SET ITEM 400★"		  7				  29		3		 9		30		3		10		31		3		11		32		3		12		33		3		13		34		3		14		35		3		15		-1		-1		-1		-1		-1		-1		-1		-1		-1		-1		-1		-1		-1		-1		-1		-1		-1		-1		-1		-1		-1		-1		-1		-1
50				50		 1   	2		"★SET ITEM 400★"		  7				  29		3		 9		30		3		10		31		3		11		32		3		12		33		3		13		34		3		14		35		3		15		-1		-1		-1		-1		-1		-1		-1		-1		-1		-1		-1		-1		-1		-1		-1		-1		-1		-1		-1		-1		-1		-1		-1		-1
47				47		 1   	2		"★SET ITEM 400★"		  7				  29		3		 9		30		3		10		31		3		11		32		3		12		33		3		13		34		3		14		35		3		15		-1		-1		-1		-1		-1		-1		-1		-1		-1		-1		-1		-1		-1		-1		-1		-1		-1		-1		-1		-1		-1		-1		-1		-1
48				48		 1   	2		"★SET ITEM 400★"		  7				  29		3		 9		30		3		10		31		3		11		32		3		12		33		3		13		34		3		14		35		3		15		-1		-1		-1		-1		-1		-1		-1		-1		-1		-1		-1		-1		-1		-1		-1		-1		-1		-1		-1		-1		-1		-1		-1		-1
51				51		 1   	2		"★SET ITEM 400★"		  7				  29		3		 9		30		3		10		31		3		11		32		3		12		33		3		13		34		3		14		35		3		15		-1		-1		-1		-1		-1		-1		-1		-1		-1		-1		-1		-1		-1		-1		-1		-1		-1		-1		-1		-1		-1		-1		-1		-1
77				77		 1   	2		"★SET ITEM 400★"		  7				  29		3		 9		30		3		10		31		3		11		32		3		12		33		3		13		34		3		14		35		3		15		-1		-1		-1		-1		-1		-1		-1		-1		-1		-1		-1		-1		-1		-1		-1		-1		-1		-1		-1		-1		-1		-1		-1		-1
53				53		 1   	2		"★SET ITEM 400★"		  7				  29		3		 9		30		3		10		31		3		11		32		3		12		33		3		13		34		3		14		35		3		15		-1		-1		-1		-1		-1		-1		-1		-1		-1		-1		-1		-1		-1		-1		-1		-1		-1		-1		-1		-1		-1		-1		-1		-1

end