//=================================================
// 配置 : DUY ĐẠT
// Zalo: DUY ĐẠT - 0961.87.37.67
//=================================================
0
//EventName              DropZen   ItemDropRate   ItemDropCount   SetItemDropRate   ItemDropType   Fireworks	
"Blue Chocolate Box"	 1000	   100		           1		          0		        0		   0
end

1
//Section   Type   MinLevel   MaxLevel   Skill   Luck   Option   Excellent	    Rate
7			18		0			0		   0		1		1		1			100  //召魂
8			18		0			0		   0		1		1		1			100  //召魂
9			18		0			0		   0		1		1		1			100  //召魂
10			18		0			0		   0		1		1		1			100  //召魂
11			18		0			0		   0		1		1		1			100  //召魂

7			17		0			0		   0		1		1		1			100  //凤凰
8			17		0			0		   0		1		1		1			100  //凤凰
9			17		0			0		   0		1		1		1			100  //凤凰
10			17		0			0		   0		1		1		1			100  //凤凰
11			17		0			0		   0		1		1		1			100  //凤凰

7			19		0			0		   0		1		1		1			100  //佳人
8			19		0			0		   0		1		1		1			100  //佳人
9			19		0			0		   0		1		1		1			100  //佳人
10			19		0			0		   0		1		1		1			100  //佳人
11			19		0			0		   0		1		1		1			100  //佳人

8			20		0			0		   0		1		1		1			100	 //雷风
9			20		0			0		   0		1		1		1			100	 //雷风
10			20		0			0		   0		1		1		1			100	 //雷风
11			20		0			0		   0		1		1		1			100	 //雷风

7			38		0			0		   0		1		1		1			100  //黄金
8			38		0			0		   0		1		1		1			100  //黄金
9			38		0			0		   0		1		1		1			100  //黄金
10			38		0			0		   0		1		1		1			100  //黄金
11			38		0			0		   0		1		1		1			100  //黄金

7			41		0			0		   0		1		1		1			100  //魔法
8			41		0			0		   0		1		1		1			100  //魔法
9			41		0			0		   0		1		1		1			100  //魔法
10			41		0			0		   0		1		1		1			100  //魔法
11			41		0			0		   0		1		1		1			100  //魔法

7			60		0			0		   0		1		1		1			100 //白虎
8			60		0			0		   0		1		1		1			100 //白虎
9			60		0			0		   0		1		1		1			100 //白虎
11			60		0			0		   0		1		1		1			100 //白虎
end
