0
//EventName              DropZen    ItemDropRate   ItemDropCount   SetItemDropRate   ItemDropType   Fireworks	
"Box Item Thuc Tinh"	 1000	   		100		  		5		  		0		   		 1		   		0
end
1
//Section	Type	MinLevel   MaxLevel   Skill   Luck   Option   Excellent
//觉醒定制装备

0           62		0          0          0       1      1        1		100	//觉醒头盔
0           63		0          0          0       1      1        1		100	//觉醒头盔
0           64		0          0          0       1      1        1		100	//觉醒头盔
2           36		0          0          0       1      1        1		100	//觉醒头盔
4           38		0          0          0       1      1        1		100	//觉醒头盔
5           55		0          0          0       1      1        1		100	//觉醒头盔
5           56		0          0          0       1      1        1		100	//觉醒头盔

7           150		0          0          0       1      1        1		100	//觉醒头盔
7           151		0          0          0       1      1        1		100	//觉醒头盔
7           152		0          0          0       1      1        1		100	//觉醒头盔
7           153		0          0          0       1      1        1		100	//觉醒头盔
7           154		0          0          0       1      1        1		100	//觉醒头盔
7           155		0          0          0       1      1        1		100	//觉醒头盔
7           156		0          0          0       1      1        1		100	//觉醒头盔
	                                                     
8           150		0          0          0       1      1        1		100	//觉醒盔甲
8           151		0          0          0       1      1        1		100	//觉醒盔甲
8           152		0          0          0       1      1        1		100	//觉醒盔甲
8           153		0          0          0       1      1        1		100	//觉醒盔甲
8           154		0          0          0       1      1        1		100	//觉醒盔甲
8           155		0          0          0       1      1        1		100	//觉醒盔甲
8           156		0          0          0       1      1        1		100	//觉醒盔甲
	                                                     
9           150		0          0          0       1      1        1		100	//觉醒护腿
9           151		0          0          0       1      1        1		100	//觉醒护腿
9           152		0          0          0       1      1        1		100	//觉醒护腿
9           153		0          0          0       1      1        1		100	//觉醒护腿
9           154		0          0          0       1      1        1		100	//觉醒护腿
9           155		0          0          0       1      1        1		100	//觉醒护腿
9           156		0          0          0       1      1        1		100	//觉醒护腿
	                                                     
10          150		0          0          0       1      1        1		100	//觉醒手套
10          151		0          0          0       1      1        1		100	//觉醒手套
10          152		0          0          0       1      1        1		100	//觉醒手套
10          153		0          0          0       1      1        1		100	//觉醒手套
10          154		0          0          0       1      1        1		100	//觉醒手套
10          155		0          0          0       1      1        1		100	//觉醒手套
10          156		0          0          0       1      1        1		100	//觉醒手套
	                                                     
11          150		0          0          0       1      1        1		100	//觉醒靴子
11          151		0          0          0       1      1        1		100	//觉醒靴子
11          152		0          0          0       1      1        1		100	//觉醒靴子
11          153		0          0          0       1      1        1		100	//觉醒靴子
11          154		0          0          0       1      1        1		100	//觉醒靴子
11          155		0          0          0       1      1        1		100	//觉醒靴子
11          156		0          0          0       1      1        1		100	//觉醒靴子


end
