0
//EventName              DropZen    ItemDropRate   ItemDropCount   SetItemDropRate   ItemDropType   Fireworks	
"Box Item Hac Than"	 	  1000	   		100		  		5		  		0		   		 1		   		0
end
1
//Section	Type	MinLevel   MaxLevel   Skill   Luck   Option   Excellent
//黑神定制装备


0           54		0          0          0       1      1        1		100		//黑神头盔
0           55		0          0          0       1      1        1		100		//黑神头盔
0           56		0          0          0       1      1        1		100		//黑神头盔
2           26		0          0          0       1      1        1		100		//黑神头盔
4           31		0          0          0       1      1        1		100		//黑神头盔
5           51		0          0          0       1      1        1		100		//黑神头盔
5           52		0          0          0       1      1        1		100		//黑神头盔

7           106		0          0          0       1      1        1		100		//黑神头盔
7           107		0          0          0       1      1        1		100		//黑神头盔
7           108		0          0          0       1      1        1		100		//黑神头盔
7           109		0          0          0       1      1        1		100		//黑神头盔
7           110		0          0          0       1      1        1		100		//黑神头盔
7           111		0          0          0       1      1        1		100		//黑神头盔
7           112		0          0          0       1      1        1		100		//黑神头盔
		                                                
8           106		0          0          0       1      1        1		100		//黑神盔甲
8           107		0          0          0       1      1        1		100		//黑神盔甲
8           108		0          0          0       1      1        1		100		//黑神盔甲
8           109		0          0          0       1      1        1		100		//黑神盔甲
8           110		0          0          0       1      1        1		100		//黑神盔甲
8           111		0          0          0       1      1        1		100		//黑神盔甲
8           112		0          0          0       1      1        1		100		//黑神盔甲
	                                                    
9           106		0          0          0       1      1        1		100		//黑神护腿
9           107		0          0          0       1      1        1		100		//黑神护腿
9           108		0          0          0       1      1        1		100		//黑神护腿
9           109		0          0          0       1      1        1		100		//黑神护腿
9           110		0          0          0       1      1        1		100		//黑神护腿
9           111		0          0          0       1      1        1		100		//黑神护腿
9           112		0          0          0       1      1        1		100		//黑神护腿
                                                        
10          106		0          0          0       1      1        1		100		//黑神手套
10          107		0          0          0       1      1        1		100		//黑神手套
10          108		0          0          0       1      1        1		100		//黑神手套
10          109		0          0          0       1      1        1		100		//黑神手套
10          110		0          0          0       1      1        1		100		//黑神手套
10          111		0          0          0       1      1        1		100		//黑神手套
10          112		0          0          0       1      1        1		100		//黑神手套
	                                                    
11          106		0          0          0       1      1        1		100		//黑神靴子
11          107		0          0          0       1      1        1		100		//黑神靴子
11          108		0          0          0       1      1        1		100		//黑神靴子
11          109		0          0          0       1      1        1		100		//黑神靴子
11          110		0          0          0       1      1        1		100		//黑神靴子
11          111		0          0          0       1      1        1		100		//黑神靴子
11          112		0          0          0       1      1        1		100		//黑神靴子


end
