0
//EventName              DropZen    ItemDropRate   ItemDropCount   SetItemDropRate   ItemDropType   Fireworks	
"Box Item Thanh Than"	 	  1000	   		100		  		5		  		0		   		 1		   		0
end
1
//Section	Type	MinLevel   MaxLevel   Skill   Luck   Option   Excellent
//圣神定制装备


0           57		0          0          0       1      1        1		100	//圣神头盔
0           58		0          0          0       1      1        1		100	//圣神头盔
0           59		0          0          0       1      1        1		100	//圣神头盔
2           27		0          0          0       1      1        1		100	//圣神头盔
4           36		0          0          0       1      1        1		100	//圣神头盔
5           53		0          0          0       1      1        1		100	//圣神头盔
5           54		0          0          0       1      1        1		100	//圣神头盔

7           138		0          0          0       1      1        1		100	//圣神头盔
7           139		0          0          0       1      1        1		100	//圣神头盔
7           140		0          0          0       1      1        1		100	//圣神头盔
7           141		0          0          0       1      1        1		100	//圣神头盔
7           143		0          0          0       1      1        1		100	//圣神头盔
7           144		0          0          0       1      1        1		100	//圣神头盔
                                                        
8           138		0          0          0       1      1        1		100	//圣神盔甲
8           139		0          0          0       1      1        1		100	//圣神盔甲
8           140		0          0          0       1      1        1		100	//圣神盔甲
8           141		0          0          0       1      1        1		100	//圣神盔甲
8           142		0          0          0       1      1        1		100	//圣神盔甲
8           143		0          0          0       1      1        1		100	//圣神盔甲
8           144		0          0          0       1      1        1		100	//圣神盔甲
                                                        
9           138		0          0          0       1      1        1		100	//圣神护腿
9           139		0          0          0       1      1        1		100	//圣神护腿
9           140		0          0          0       1      1        1		100	//圣神护腿
9           141		0          0          0       1      1        1		100	//圣神护腿
9           142		0          0          0       1      1        1		100	//圣神护腿
9           143		0          0          0       1      1        1		100	//圣神护腿
9           144		0          0          0       1      1        1		100	//圣神护腿
                                                        
10          138		0          0          0       1      1        1		100	//圣神手套
10          139		0          0          0       1      1        1		100	//圣神手套
10          140		0          0          0       1      1        1		100	//圣神手套
10          141		0          0          0       1      1        1		100	//圣神手套
10          142		0          0          0       1      1        1		100	//圣神手套
10          143		0          0          0       1      1        1		100	//圣神手套
10          144		0          0          0       1      1        1		100	//圣神手套
                                                        
11          138		0          0          0       1      1        1		100	//圣神靴子
11          139		0          0          0       1      1        1		100	//圣神靴子
11          140		0          0          0       1      1        1		100	//圣神靴子
11          141		0          0          0       1      1        1		100	//圣神靴子
11          142		0          0          0       1      1        1		100	//圣神靴子
11          143		0          0          0       1      1        1		100	//圣神靴子
11          144		0          0          0       1      1        1		100	//圣神靴子



end
