0
//EventName              DropZen    ItemDropRate   ItemDropCount   SetItemDropRate   ItemDropType   Fireworks	
"Box Item Mat Xanh"	 	  1000	   		100		  		5		  		0		   		 1		   		0
end
1
//Section	Type	MinLevel   MaxLevel   Skill   Luck   Option   Excellent
//蓝眼定制装备

0           78		0          0          0       1      1        1			100	//蓝眼头盔
0           79		0          0          0       1      1        1			100	//蓝眼头盔
0           80		0          0          0       1      1        1			100	//蓝眼头盔
2           40		0          0          0       1      1        1			100	//蓝眼头盔
4           40		0          0          0       1      1        1			100	//蓝眼头盔
5           61		0          0          0       1      1        1			100	//蓝眼头盔
5           62		0          0          0       1      1        1			100	//蓝眼头盔

7           164		0          0          0       1      1        1			100	//蓝眼头盔
7           165		0          0          0       1      1        1			100	//蓝眼头盔
7           166		0          0          0       1      1        1			100	//蓝眼头盔
7           167		0          0          0       1      1        1			100	//蓝眼头盔
7           169		0          0          0       1      1        1			100	//蓝眼头盔
7           170		0          0          0       1      1        1			100	//蓝眼头盔
	                                                           
8           164		0          0          0       1      1        1			100	//蓝眼盔甲
8           165		0          0          0       1      1        1			100	//蓝眼盔甲
8           166		0          0          0       1      1        1			100	//蓝眼盔甲
8           167		0          0          0       1      1        1			100	//蓝眼盔甲
8           168		0          0          0       1      1        1			100	//蓝眼盔甲
8           169		0          0          0       1      1        1			100	//蓝眼盔甲
8           170		0          0          0       1      1        1			100	//蓝眼盔甲
	                                                               
9           164		0          0          0       1      1        1			100	//蓝眼护腿
9           165		0          0          0       1      1        1			100	//蓝眼护腿
9           166		0          0          0       1      1        1			100	//蓝眼护腿
9           167		0          0          0       1      1        1			100	//蓝眼护腿
9           168		0          0          0       1      1        1			100	//蓝眼护腿
9           169		0          0          0       1      1        1			100	//蓝眼护腿
9           170		0          0          0       1      1        1			100	//蓝眼护腿
                                                        
10          164		0          0          0       1      1        1			100	//蓝眼手套
10          165		0          0          0       1      1        1			100	//蓝眼手套
10          166		0          0          0       1      1        1			100	//蓝眼手套
10          167		0          0          0       1      1        1			100	//蓝眼手套
10          168		0          0          0       1      1        1			100	//蓝眼手套
10          169		0          0          0       1      1        1			100	//蓝眼手套
10          170		0          0          0       1      1        1			100	//蓝眼手套
                                                        
11          164		0          0          0       1      1        1			100	//蓝眼靴子
11          165		0          0          0       1      1        1			100	//蓝眼靴子
11          166		0          0          0       1      1        1			100	//蓝眼靴子
11          167		0          0          0       1      1        1			100	//蓝眼靴子
11          168		0          0          0       1      1        1			100	//蓝眼靴子
11          169		0          0          0       1      1        1			100	//蓝眼靴子
11          170		0          0          0       1      1        1			100	//蓝眼靴子


end
