0
//EventName              DropZen    ItemDropRate   ItemDropCount   SetItemDropRate   ItemDropType   Fireworks	
"Box Item Tim Bac"	 	  1000	   		100		  		5		  		0		   		 0		   		0
end
1
//Section	Type	MinLevel   MaxLevel   Skill   Luck   Option   Excellent
//银心定制装备

0           82		0          0          0       0      0        1		100	//银心头盔
0           83		0          0          0       0      0        1		100	//银心头盔
0           84		0          0          0       0      0        1		100	//银心头盔
2           42		0          0          0       0      0        1		100	//银心头盔
4           42		0          0          0       0      0        1		100	//银心头盔
5           65		0          0          0       0      0        1		100	//银心头盔
5           64		0          0          0       0      0        1		100	//银心头盔
6           35		0          0          0       0      0        1		100	//银心头盔

7           189		0          0          0       0      0        1		100	//银心头盔
7           190		0          0          0       0      0        1		100	//银心头盔
7           191		0          0          0       0      0        1		100	//银心头盔
7           192		0          0          0       0      0        1		100	//银心头盔
7           194		0          0          0       0      0        1		100	//银心头盔
7           195		0          0          0       0      0        1		100	//银心头盔
																			
8           189		0          0          0       0      0        1		100	//银心盔甲
8           190		0          0          0       0      0        1		100	//银心盔甲
8           191		0          0          0       0      0        1		100	//银心盔甲
8           192		0          0          0       0      0        1		100	//银心盔甲
8           193		0          0          0       0      0        1		100	//银心盔甲
8           194		0          0          0       0      0        1		100	//银心盔甲
8           195		0          0          0       0      0        1		100	//银心盔甲
																			
9           189		0          0          0       0      0        1		100	//银心护腿
9           190		0          0          0       0      0        1		100	//银心护腿
9           191		0          0          0       0      0        1		100	//银心护腿
9           192		0          0          0       0      0        1		100	//银心护腿
9           193		0          0          0       0      0        1		100	//银心护腿
9           194		0          0          0       0      0        1		100	//银心护腿
9           195		0          0          0       0      0        1		100	//银心护腿
																			
10          189		0          0          0       0      0        1		100	//银心手套
10          190		0          0          0       0      0        1		100	//银心手套
10          191		0          0          0       0      0        1		100	//银心手套
10          192		0          0          0       0      0        1		100	//银心手套
10          193		0          0          0       0      0        1		100	//银心手套
10          194		0          0          0       0      0        1		100	//银心手套
10          195		0          0          0       0      0        1		100	//银心手套
																			
11          189		0          0          0       0      0        1		100	//银心靴子
11          190		0          0          0       0      0        1		100	//银心靴子
11          191		0          0          0       0      0        1		100	//银心靴子
11          192		0          0          0       0      0        1		100	//银心靴子
11          193		0          0          0       0      0        1		100	//银心靴子
11          194		0          0          0       0      0        1		100	//银心靴子
11          195		0          0          0       0      0        1		100	//银心靴子



end
