
8 	23 	9	0 	0 	1 	7   63	0	0	0	255	255	255	255	255		//盔甲
9 	23 	9	0 	0 	1	7   63	0	0	0	255	255	255	255	255		//护腿
10 	23 	9	0 	0 	1 	7   63	0	0	0	255	255	255	255	255		//手套
11 	23 	9	0 	0 	1 	7   63	0	0	0	255	255	255	255	255		//靴子
0 	20	9	0 	1 	1 	7   63  0	0	0	255	255	255	255	255		//大刀
0 	21 	9	0 	1 	1 	7   63  0	0	0	255	255	255	255	255		//刀


15		29		0		0		0		0		0		0		0		0		0		255		255		255		255		255		//光明风暴
12		16		0		0		0		0		0		0		0		0		0		255		255		255		255		255		//火斩宝石
12		13		0		0		0		0		0		0		0		0		0		255		255		255		255		255		//旋突宝石
12		47		0		0		0		0		0		0		0		0		0		255		255		255		255		255		//火剑宝石
end
