//Section   Type   Level   Dur   Skill   Luck   Option   ExcOp	SetOp	JoH	OEx	Socket1	Socket2	Socket3	Socket4	Socket5
// SHOP DL
////////////////////////////////////////////////////////////////////////////////
//
7 	28 	9	0 	0 	1 	7   63	0	0	0	255	255	255	255	255		//头盔
8 	28 	9	0 	0 	1 	7   63	0	0	0	255	255	255	255	255		//盔甲
9 	28 	9	0 	0 	1	7   63	0	0	0	255	255	255	255	255		//护腿
10 	28 	9	0 	0 	1 	7   63	0	0	0	255	255	255	255	255		//手套
11 	28 	9	0 	0 	1 	7   63	0	0	0	255	255	255	255	255		//靴子
2 	12	9	0 	1 	1 	7   63  0	0	0	255	255	255	255	255		//杖
6 	21 	9	0 	1 	1 	7   63  0	0	0	255	255	255	255	255		//盾牌


12 	21 	0 	0 	0 	1 	0 	0  	0	0	0	255	255	255	255	255	 	//Scroll of FireBurst
12 	22 	0 	0 	0 	1 	0 	0  	0	0	0	255	255	255	255	255	 	//Scroll of Summon
12 	23 	0 	0 	0 	1 	0 	0  	0	0	0	255	255	255	255	255	 	//Scroll of Critical Damage
12 	24 	0 	0 	0 	1 	0 	0  	0	0	0	255	255	255	255	255	 	//Scroll of Electric Spark
12 	35 	0 	0 	0 	1 	0  	0 	0	0	0	255	255	255	255	255		//Scroll of Fire Scream
12 	48 	0 	0 	0 	1 	0 	0  	0	0	0	255	255	255	255	255	 	//Scroll Of Birds


end
