//Section   Type   Level   Dur   Skill   Luck   Option   ExcOp	SetOp	JoH	OEx	Socket1	Socket2	Socket3	Socket4	Socket5
14		3		0		255		0		0		0		0		0		0		0		255		255		255		255		255		//大生命药水
14		6		0		255		0		0		0		0		0		0		0		255		255		255		255		255		//大魔法药水

12 			271 	0 		0 		0 		0 		  0 	  0  	0		0		0		255	255	255	255	255	 	//Scroll of FireBurst
12 			272 	0 		0 		0 		0 		  0 	  0  	0		0		0		255	255	255	255	255	 	//Scroll of Summon
12 			273 	0 		0 		0 		0 		  0 	  0  	0		0		0		255	255	255	255	255	 	//Scroll of Critical Damage
12 			274 	0 		0 		0 		0 		  0 	  0  	0		0		0		255	255	255	255	255	 	//Scroll of Electric Spark
12 			275 	0 		0 		0 		0 		  0  	  0 	0		0		0		255	255	255	255	255		//Scroll of Fire Scream
12 			276 	0 		0 		0 		0 		  0 	  0  	0		0		0		255	255	255	255	255	 	//Scroll Of Birds
12 			277 	0 		0 		0 		0 		  0 	  0  	0		0		0		255	255	255	255	255	 	//Scroll Of Birds

7 		84 		9		255 	1 		1 		  0   	  0		0		0		0		255	255	255	255	255		//头盔
8 		84 		9		255 	1 		1 		  0   	  0		0		0		0		255	255	255	255	255		//盔甲
9 		84 		9		255 	1 		1		  0   	  0		0		0		0		255	255	255	255	255		//护腿
10 		84 		9		255 	1 		1 		  0   	  0		0		0		0		255	255	255	255	255		//手套
11 		84 		9		255 	1 		1 		  0   	  0		0		0		0		255	255	255	255	255		//靴子
																	
3 		13		9		255 	1 		1 		  0   	  0  	0		0		0		255	255	255	255	255		//杖
6 		60 		9		255 	1 		1 		  0   	  0  	0		0		0		255	255	255	255	255		//盾牌

end
