//Index	Slot	Skill	X	Y	Serial	Option	Drop	Name							level	DamageMin	DamageMax	AttackSpeed	Dur	MagicDur	MagicPW	 ReqLvl	ReqStr	ReqDex	ReqEne	ReqVit	ReqLead	SetAttr	DW/SM	DK/BK	ELF/ME	MG	 DL 	SUM	RF
0                                                                                                                                                                                                                                               
0	0	0	1	2	1	1	0	"匕首"			6	6	11	50	20	0	0	0	40	40	0	0	0	0	1	1	1	1	1	1	1
1	0	0	1	3	1	1	0	"短刀"			3	3	7	20	22	0	0	0	60	0	0	0	0	0	1	1	1	1	1	1	1
2	0	0	1	3	1	1	0	"长剑"			9	9	15	40	23	0	0	0	50	40	0	0	0	0	0	1	1	1	1	1	0
3	0	20	1	3	1	1	0	"日本剑"			16	16	26	35	27	0	0	0	80	40	0	0	0	0	0	1	0	1	1	0	0
4	0	21	1	3	1	1	0	"杀手刀"			12	12	18	30	24	0	0	0	60	40	0	0	0	0	0	1	0	1	1	0	0
5	0	22	1	3	1	1	0	"快刀"			36	36	47	30	39	0	0	0	80	50	0	0	0	0	1	1	1	1	1	0	0
6	0	20	1	3	1	1	0	"罗马剑"			20	20	30	20	30	0	0	0	110	0	0	0	0	0	0	1	1	1	1	0	0
7	0	21	1	3	1	1	0	"砍刀"			24	24	34	25	34	0	0	0	120	0	0	0	0	0	0	1	0	1	1	0	0
8	0	21	1	3	1	1	0	"蛇刀"			30	30	40	20	36	0	0	0	130	0	0	0	0	0	0	1	0	1	1	0	0
9	0	20	1	3	1	1	0	"火龙剑"			32	32	46	30	40	0	0	0	103	0	0	0	0	0	0	1	0	1	0	0	0
10	0	22	1	4	1	1	0	"光之剑"			40	47	61	25	50	0	0	0	80	60	0	0	0	0	0	1	1	1	0	0	0
11	0	20	1	3	1	1	0	"剑 魔法"			44	56	72	20	54	0	0	0	120	0	0	0	0	0	0	1	0	1	0	0	0
12	0	19	1	3	1	1	0	"太阳 剑"			56	73	98	25	66	0	0	0	140	0	0	0	0	0	0	1	0	1	0	0	0
13	0	22	1	3	1	1	0	"火刀"			48	48	56	30	43	0	0	0	70	70	0	0	0	0	0	1	1	1	0	0	0
14	0	22	1	3	1	1	0	"雷电剑"			59	59	67	30	50	0	0	0	90	50	0	0	0	0	0	1	1	1	0	0	0
15	0	23	1	3	1	1	0	"铁剑"			52	60	85	20	60	0	0	0	140	0	0	0	0	0	0	1	0	1	0	0	0
16	0	22	1	4	1	1	0	"剑 毁灭"			82	82	90	35	84	0	0	0	160	60	0	0	0	0	0	1	0	1	0	0	0
17	0	23	1	4	1	1	0	"天魔剑"			140	107	115	35	90	0	0	0	180	50	0	0	0	0	0	2	0	0	0	0	0
18	0	23	1	3	1	1	0	"雷风 刀"			105	140	168	40	86	0	0	0	180	50	0	0	0	0	0	0	0	1	0	0	0
19	0	22	1	4	1	1	0	"天子剑"			86	220	230	45	168	0	0	0	140	50	0	0	0	0	0	1	0	1	1	0	0
20	0	22	1	4	1	1	0	"狂风 刀"		140	135	145	35	90	0	0	0	116	38	0	0	0	0	0	2	0	0	0	0	0
21	0	56	1	4	1	1	0	"生命之刀"			140	115	142	40	100	0	115	0	116	53	9	0	0	0	0	0	0	1	0	0	0
22	0	22	1	4	1	1	0	"刀 全能"			115	182	218	40	90	0	0	380	100	35	0	0	0	0	0	2	0	0	0	0	0
23	0	56	1	4	1	1	0	"刀 红龙"			147	127	155	45	110	0	134	380	98	48	7	0	0	0	0	0	0	1	0	0	0
24	0	22	1	4	1	1	0	"倚天刀"			147	122	135	40	95	0	0	0	192	30	0	0	0	0	0	2	0	0	0	0	0
25	0	56	1	4	1	1	0	"火星剑"			115	109	136	40	90	0	108	0	136	57	9	0	0	0	0	0	0	1	0	0	0
26	0	22	1	4	1	1	0	"火龙 剑"			137	115	126	40	90	0	0	380	193	53	0	0	0	0	0	2	0	0	0	0	0
27	0	22	1	4	1	1	0	"碧玉 剑"			133	91	99	35	90	0	0	380	53	176	0	0	0	0	0	2	0	0	0	0	0
28	0	56	1	4	1	1	0	"霸王剑"			139	98	122	45	90	0	109	380	91	73	17	0	0	0	0	0	0	1	0	0	0
31	0	56	1	4	1	1	0	"幻影刀"			100	104	130	35	93	0	104	0	135	62	9	0	0	0	0	0	0	1	0	0	0
32	0	260	1	2	1	1	0	"地龙之拳"			52	52	58	25	65	0	0	0	85	35	0	0	0	0	0	0	0	0	0	0	1
33	0	261	1	2	1	1	0	"白虎之拳"			82	82	88	30	77	0	0	0	100	50	0	0	0	0	0	0	0	0	0	0	1
34	0	260	1	2	1	1	0	"权力之拳"			105	95	101	35	86	0	0	0	120	60	0	0	0	0	0	0	0	0	0	0	1
35	0	270	1	2	1	1	0	"凤凰爪"			147	183	192	40	98	0	0	380	101	51	0	0	0	0	0	0	0	0	0	0	1
38	0	56	1	4	1	1	0	"剑 天使"			139	108	132	45	90	0	109	0	91	73	17	0	0	0	0	0	0	1	0	0	0
42	0	22	1	4	1	1	0	"血神剑"			147	125	136	40	90	0	0	380	193	53	0	0	0	0	0	2	0	0	0	0	0
44	0	56	1	4	1	1	0	"血神剑 (MG)"			149	108	132	45	90	0	109	380	91	73	17	0	0	0	0	0	0	1	0	0	0
46	0	270	1	2	1	1	0	"血神爪"			147	148	157	35	100	0	0	380	47	14	0	0	0	0	0	0	0	0	0	0	3
51	0	22	1	4	1	1	0	"天子剑 (2级)"			149	225	235	45	168	0	0	0	140	50	0	0	0	0	0	2	0	0	0	0	0
54	0	22	1	4	1	1	0	"黑神剑"			147	135	146	40	90	0	0	380	193	53	0	0	0	0	0	2	0	0	0	0	0
55	0	56	1	4	1	1	0	"黑神剑 (MG)"			149	118	142	45	90	0	109	380	91	73	17	0	0	0	0	0	0	1	0	0	0
56	0	270	1	2	1	1	0	"黑神爪"			147	158	167	35	100	0	0	380	47	14	0	0	0	0	0	0	0	0	0	0	3
57	0	22	1	4	1	1	0	"圣神剑"			147	155	166	40	90	0	0	380	193	53	0	0	0	0	0	2	0	0	0	0	0
58	0	56	1	4	1	1	0	"圣神剑 (MG)"			149	138	162	45	90	0	109	380	91	73	17	0	0	0	0	0	0	1	0	0	0
59	0	270	1	2	1	1	0	"圣神爪"			147	178	187	35	100	0	0	380	47	14	0	0	0	0	0	0	0	0	0	0	3
60	0	270	1	2	1	1	0	"天子爪"			147	121	130	35	160	0	0	0	68	23	0	0	0	0	0	0	0	0	0	0	3
61	0	270	1	2	1	1	0	"天子爪 (2级)"			149	193	202	40	98	0	0	0	101	51	0	0	0	0	0	0	0	0	0	0	1
62	0	22	1	4	1	1	0	"觉醒剑"		200	235	249	40	100	0	0	380	141	44	0	0	0	0	0	3	0	0	0	0	0
63	0	56	1	4	1	1	0	"觉醒剑 (MG)"			200	240	273	45	100	0	185	380	103	62	15	0	0	0	0	0	0	3	0	0	0
64	0	270	1	2	1	1	0	"觉醒爪"		220	170	185	35	100	0	0	380	82	26	0	0	0	0	0	0	0	0	0	0	3
78	0	22	1	4	1	1	0	"蓝眼剑"			147	165	176	40	90	0	0	380	193	53	0	0	0	0	0	2	0	0	0	0	0
79	0	56	1	4	1	1	0	"蓝眼剑 (MG)"			149	148	172	45	90	0	109	380	91	73	17	0	0	0	0	0	0	1	0	0	0
80	0	270	1	2	1	1	0	"蓝眼爪"			147	188	197	35	100	0	0	380	47	14	0	0	0	0	0	0	0	0	0	0	3
81	0	270	1	2	1	1	0	"血龙爪"			149	138	147	35	100	0	0	380	47	14	0	0	0	0	0	0	0	0	0	0	3
82	0	56	1	4	1	1	0	"银心剑 (MG)"			149	158	182	45	90	0	109	380	91	73	17	0	0	0	0	0	0	1	0	0	0
83	0	270	1	2	1	1	0	"银心爪"			147	198	207	35	100	0	0	380	47	14	0	0	0	0	0	0	0	0	0	0	3
84	0	22	1	4	1	1	0	"银心剑"			147	175	186	40	90	0	0	380	193	53	0	0	0	0	0	2	0	0	0	0	0
85	0	56	1	4	1	1	0	"天子剑 (MG)"		115	153	165	30	100	0	150	0	36	4	0	0	0	0	0	0	0	3	0	0	0
86	0	56	1   4   1   1   0	"天子剑 (2级)"	145 170 242	45  110 0	160 0   98  48	7	0   0   0   0   0   0   3   0   0   0 
100	0	270	1	2	1	1	0	"护卫爪"			145	171	192	35	100	0	0	380	47	14	0	0	0	0	0	0	0	0	0	0	3

end

//Index	Slot	Skill	X	Y	Serial	Option	Drop	Name							level	DamageMin	DamageMax	AttackSpeed	Dur	MagicDur	MagicPW	ReqLvl	ReqStr	ReqDex	ReqEne	ReqVit	ReqLead	SetAttr	DW/SM	DK/BK	ELF/ME	MG	DL SUM	RF
1
0	0	0	1	3	1	1	0	"小斧"			1	1	6	20	18	0	0	0	50	0	0	0	0	0	1	1	1	1	1	1	1
1	0	0	1	3	1	1	0	"轻斧"			4	4	9	30	20	0	0	0	70	0	0	0	0	0	1	1	1	1	1	1	1
2	0	19	1	3	1	1	0	"斧 镰刀"			14	14	24	20	26	0	0	0	90	0	0	0	0	0	0	1	0	1	1	0	0
3	0	19	1	3	1	1	0	"猎手斧"			18	18	28	30	28	0	0	0	100	0	0	0	0	0	0	1	0	1	1	0	1
4	0	0	1	3	1	1	0	"女神斧"			26	26	38	40	32	0	0	0	50	70	0	0	0	0	1	0	1	1	0	1	0
5	0	19	2	3	1	1	0	"战斧"			30	36	44	20	36	0	0	0	120	0	0	0	0	0	0	1	1	1	0	0	0
6	0	19	2	3	1	1	0	"银刃斧"			34	38	50	30	44	0	0	0	130	0	0	0	0	0	0	1	1	1	0	0	0
7	0	19	2	3	1	1	0	"金刃斧"			46	54	67	25	55	0	0	0	140	0	0	0	0	0	0	1	0	1	0	0	0
8	0	19	2	3	1	1	0	"半月斧"			54	69	89	30	65	0	0	0	100	40	0	0	0	0	1	1	0	1	0	0	0
end

//Index	Slot	Skill	X	Y	Serial	Option	Drop	Name							level	DamageMin	DamageMax	AttackSpeed	Dur	MagicDur	MagicPW	ReqLvl	ReqStr	ReqDex	ReqEne	ReqVit	ReqLead	SetAttr	DW/SM	DK/BK	ELF/ME	MG	DL SUM	RF
2
0	0	0	1	3	1	1	0	"锤"			7	7	13	15	21	0	0	0	100	0	0	0	0	0	0	1	0	1	1	0	1
1	0	19	1	3	1	1	0	"钉锤"			13	13	22	15	25	0	0	0	100	0	0	0	0	0	0	1	0	1	1	0	1
2	0	0	1	3	1	1	0	"链锤"			22	22	32	15	32	0	0	0	80	50	0	0	0	0	0	1	0	1	1	0	1
3	0	19	2	3	1	1	0	"战符"			38	45	56	15	50	0	0	0	150	0	0	0	0	0	0	1	0	1	0	0	1
4	0	19	2	3	1	1	0	"冰锤"			66	78	107	30	72	0	0	0	130	0	0	0	0	0	1	1	1	1	0	0	1
5	0	23	2	4	1	1	0	"冰剑"			72	89	120	40	76	0	0	0	130	70	0	0	0	0	1	1	1	1	0	0	0
6	0	23	2	4	1	1	0	"火龙斧 (混沌)"			75	102	130	35	80	0	0	0	140	50	0	0	0	0	0	1	0	1	0	0	0
7	0	0	1	3	1	1	0	"圣女锤"			90	62	80	50	50	0	0	0	15	42	0	0	0	0	0	0	2	0	0	0	0
8	0	66	1	3	1	1	0	"战杖"			54	41	52	45	40	0	3	0	80	17	0	0	0	0	0	0	0	0	1	0	0
9	0	66	1	3	1	1	0	"钢杖"			72	57	68	45	45	0	20	0	87	18	0	0	0	0	0	0	0	0	1	0	0
10	0	66	1	4	1	1	0	"暗影杖"			82	74	85	45	65	0	35	0	100	21	0	0	0	0	0	0	0	0	1	0	0
11	0	66	1	4	1	1	0	"金刚杖"			98	91	102	40	72	0	52	0	105	23	0	0	0	0	0	0	0	0	1	0	0
12	0	66	1	4	1	1	0	"大王杖"			140	108	120	40	84	0	67	0	90	20	0	0	0	0	0	0	0	0	1	0	0
13	0	66	1	4	1	1	0	"天子杖"			150	140	163	45	90	0	138	0	75	16	0	0	0	0	0	0	0	0	1	0	0
14	0	66	1	4	1	1	0	"太阳杖"			146	130	153	40	95	0	84	380	80	15	0	0	0	0	0	0	0	0	1	0	0
15	0	66	1	4	1	1	0	"至高杖"			110	99	111	40	78	0	60	0	108	22	0	0	0	0	0	0	0	0	1	0	0
16	0	0	1	3	1	1	0	"冰晶锤"			121	106	146	50	80	0	0	380	27	19	0	0	0	0	0	0	2	0	0	0	0
17	0	66	1	4	1	1	0	"雷风 杖"			135	114	132	40	90	0	72	380	119	24	0	0	0	0	0	0	0	0	1	0	0
18	0	66	1	4	1	1	0	"冰杖"			147	112	124	40	86	0	70	0	87	20	0	0	0	0	0	0	0	0	1	0	0
20	0	19	1	4	1	1	0	"钢角"					145	177	206	25	120	0	0	 380	182	50	0	0	0	0	0	3	0	0	0	0	0
22	0	66	1	4	1	1	0	"杖 血神"			160	188	200	40	100	0	104	 380	114	23	0	0	0	0	0	0	0	0	3	0	0  
23	0	19	1	3	1	1	0	"王锤"				130	133	143	65	100	0	0	 0		144	100	0	0	0	0	0	3	0	3	0	0	0
25	0	66	1	4	1	1	0	"天子杖 (2级)"	150	220	243	45	100	0	138	 0		75	16	0	0	0	0	0	0	0	0	3	0	0  
26	0	66	1	4	1	1	0	"杖 黑神"			180	223	245	40	100	0	114	 380	114	23	0	0	0	0	0	0	0	0	3	0	0
27	0	66	1	4	1	1	0	"杖 圣神"			200	225	250	40	100	0	134	 380	105	22	0	0	0	0	0	0	0	0	3	0	0
36	0	66	1	3	1	1	0	"杖 觉醒"			200	230	240	40	100	0	154	 380	98	21	0	0	0	0	0	0	0	0	3	0	0
40	0	66	1	3	1	1	0	"杖 蓝眼"			220	235	245	40	100	0	154	 380	57	11	0	0	0	0	0	0	0	0	3	0	0
42	0	66	1	3	1	1	0	"杖 银心"			220	240	277	45	100	0	154	 380	57	11	0	0	0	0	0	0	0	0	3	0	0
end

//Index	Slot	Skill	X	Y	Serial	Option	Drop	Name							level	DamageMin	DamageMax	AttackSpeed	Dur	MagicDur	MagicPW	ReqLvl	ReqStr	ReqDex	ReqEne	ReqVit	ReqLead	SetAttr	DW/SM	DK/BK	ELF/ME	MG	DL SUM	RF
3
0	0	22	2	4	1	1	0	"光之矛"			42	50	63	25	56	0	0	0	60	70	0	0	0	0	0	1	1	1	0	0	0
1	0	0	2	4	1	1	0	"矛"			23	30	41	30	42	0	0	0	70	50	0	0	0	0	0	1	1	1	0	0	0
2	0	0	2	4	1	1	0	"枪"			15	21	33	30	34	0	0	0	70	50	0	0	0	0	0	1	1	1	0	0	0
3	0	0	2	4	1	1	0	"三叉戟"			29	35	43	25	44	0	0	0	90	30	0	0	0	0	0	1	1	1	0	0	0
4	0	20	2	4	1	1	0	"蛇矛"			46	58	80	20	58	0	0	0	90	30	0	0	0	0	0	1	1	1	0	0	0
5	0	0	2	4	1	1	0	"双刃矛"			13	19	31	30	38	0	0	0	70	50	0	0	0	0	0	1	1	1	0	0	0
6	0	0	2	4	1	1	0	"戟"			19	25	35	30	40	0	0	0	70	50	0	0	0	0	0	1	1	1	0	0	0
7	0	22	2	4	1	1	0	"双头戟"			37	42	54	30	54	0	0	0	80	50	0	0	0	0	0	1	1	1	0	0	0
8	0	22	2	4	1	1	0	"镰刀"			54	71	92	25	68	0	0	0	90	50	0	0	0	0	0	1	1	1	0	0	0
9	0	22	2	4	1	1	0	"死神镰刀"			63	76	102	25	74	0	0	0	80	50	0	0	0	0	0	1	1	1	0	0	0
10	0	22	2	4	1	1	0	"大龙刀"			92	112	140	35	85	0	0	0	170	60	0	0	0	0	0	2	0	0	0	0	0
11	0	22	2	4	1	1	0	"鬼爪"			147	190	226	40	90	0	0	0	152	25	0	0	0	0	0	2	0	1	0	0	0
end

//Index	Slot	Skill	X	Y	Serial	Option	Drop	Name							level	DamageMin	DamageMax	AttackSpeed	Dur	MagicDur	MagicPW	ReqLvl	ReqStr	ReqDex	ReqEne	ReqVit	ReqLead	SetAttr	DW/SM	DK/BK	ELF/ME	MG	DL SUM	RF
4
0	1	24	2	3	1	1	0	"小弓"			2	3	5	30	20	0	0	0	20	80	0	0	0	0	0	0	1	0	0	0	0
1	1	24	2	4	1	1	0	"弓"			8	9	13	30	24	0	0	0	30	90	0	0	0	0	0	0	1	0	0	0	0
2	1	24	2	3	1	1	0	"弓 Hoa"			16	17	24	30	28	0	0	0	30	90	0	0	0	0	0	0	1	0	0	0	0
3	1	24	2	3	1	1	0	"战弓"			26	28	37	30	36	0	0	0	30	90	0	0	0	0	0	0	1	0	0	0	0
4	1	24	2	4	1	1	0	"虎弓"			40	42	52	30	43	0	0	0	30	100	0	0	0	0	0	0	1	0	0	0	0
5	1	24	2	4	1	1	0	"银弓"			56	59	71	40	48	0	0	0	30	100	0	0	0	0	0	0	1	0	0	0	0
6	1	24	2	4	1	1	0	"Mai Hoa 弓 (Chaos)"			75	88	106	35	68	0	0	0	40	150	0	0	0	0	0	0	1	0	0	0	0
7	1	0	1	1	1	1	0	"箭 弩"			0	0	0	0	255	0	0	0	0	0	0	0	0	0	0	0	1	0	0	0	0
8	0	24	2	2	1	1	0	"弩"			4	5	8	40	22	0	0	0	20	90	0	0	0	0	0	0	1	0	0	0	0
9	0	24	2	2	1	1	0	"金弩"			12	13	19	40	26	0	0	0	30	90	0	0	0	0	0	0	1	0	0	0	0
10	0	24	2	2	1	1	0	"钢弩"			20	22	30	40	31	0	0	0	30	90	0	0	0	0	0	0	1	0	0	0	0
11	0	24	2	3	1	1	0	"光之弩"			32	35	44	40	40	0	0	0	30	90	0	0	0	0	0	0	1	0	0	0	0
12	0	24	2	3	1	1	0	"蛇弩"			48	50	61	40	45	0	0	0	30	100	0	0	0	0	0	0	1	0	0	0	0
13	0	24	2	3	1	1	0	"弩 天青"			68	68	82	40	56	0	0	0	40	110	0	0	0	0	0	0	1	0	0	0	0
14	0	24	2	3	1	1	0	"弩 金银"			72	78	92	30	60	0	0	0	50	130	0	0	0	0	0	0	1	0	0	0	0
15	0	0	1	1	1	1	0	"箭 弓"			0	0	0	0	255	0	0	0	0	0	0	0	0	0	0	0	1	0	0	0	0
16	0	24	2	4	1	1	0	"圣弩"			92	127	155	35	76	0	0	0	54	198	0	0	0	0	0	0	2	0	0	0	0
17	1	24	2	4	1	1	0	"天命弓"			84	102	127	35	72	0	0	0	50	160	0	0	0	0	0	0	1	0	0	0	0
18	0	24	2	3	1	1	0	"弩 火龙"			135	166	190	45	86	0	0	0	52	245	0	0	0	0	0	0	2	0	0	0	0
19	0	24	2	3	1	1	0	"弩 圣女"			100	180	212	45	200	0	0	0	40	110	0	0	0	0	0	0	1	0	0	0	0
20	1	24	2	4	1	1	0	"美人弓"			100	150	172	40	80	0	0	0	61	285	0	0	0	0	0	0	2	0	0	0	0
21	1	24	2	4	1	1	0	"弓 太平"			147	177	200	45	93	0	0	380	46	210	0	0	0	0	0	0	2	0	0	0	0
22	1	24	2	4	1	1	0	"天神弓"			110	155	177	45	70	0	0	0	60	265	0	0	0	0	0	0	2	0	0	0	0
23	1	24	2	4	1	1	0	"弓 天羽"			134	162	184	45	80	0	0	380	32	209	0	0	0	0	0	0	2	0	0	0	0
24	1	24	2	4	1	1	0	"神鹰弓"			147	170	194	45	88	0	0	0	49	226	0	0	0	0	0	0	2	0	0	0	0
25	1	24	2	4	1	1	0	"天使弓"			145	179 202	45	94	0	0	380	 30	193	0	0	0	0	0	0	3	0	0	0	0
26	0	24	2	4	1	1	0	"鬼弩"				145	250 280	40	94	0	0	380	 30	193	0	0	0	0	0	0	3	0	0	0	0
28	1	24	2	4	1	1	0	"弓 血神"			149	172	194	45	80	0	0	380	32	209	0	0	0	0	0	0	2	0	0	0	0
30	0	24	2	3	1	1	0	"火龙弩 (2级)"			149	190	222	45	200	0	0	0	40	110	0	0	0	0	0	0	1	0	0	0	0
31	1	24	2	4	1	1	0	"弓 黑神"			149	182	204	45	80	0	0	380	32	209	0	0	0	0	0	0	2	0	0	0	0
36	1	24	2	4	1	1	0	"弓 圣神"			149	192	214	45	80	0	0	380	32	209	0	0	0	0	0	0	2	0	0	0	0
38	1	24	2	4	1	1	0	"弓 觉醒"			149	202	224	45	80	0	0	380	32	209	0	0	0	0	0	0	2	0	0	0	0
40	1	24	2	4	1	1	0	"弓 蓝眼"			149	212	234	45	80	0	0	380	32	209	0	0	0	0	0	0	2	0	0	0	0
42	1	24	2	4	1	1	0	"弓 银心"			149	222	244	45	80	0	0	380	32	209	0	0	0	0	0	0	2	0	0	0	0
end

//Index	Slot	Skill	X	Y	Serial	Option	Drop	Name							level	DamageMin	DamageMax	AttackSpeed	Dur	MagicDur	MagicPW	 ReqLvl	ReqStr	ReqDex	ReqEne	ReqVit	ReqLead	SetAttr	DW/SM	DK/BK	ELF/ME	MG	DL SUM	RF
5
0	0	0	1	3	1	1	0	"杖 骨"			6	3	4	20	0	20	6	0	40	0	0	0	0	0	1	0	0	1	0	1	0
1	0	0	2	3	1	1	0	"仙女杖"			18	10	12	25	0	38	20	0	50	0	0	0	0	0	1	0	0	1	0	0	0
2	0	0	2	3	1	1	0	"蛇杖"			30	17	18	25	0	50	34	0	50	0	0	0	0	0	1	0	0	1	0	0	0
3	0	0	2	4	1	1	0	"闪电杖"			42	23	25	25	0	60	46	0	40	10	0	0	0	0	1	0	0	1	0	0	0
4	0	0	2	4	1	1	0	"骷髅杖"			52	29	32	25	0	65	58	0	50	0	0	0	0	0	1	0	0	1	0	0	0
5	0	0	1	4	1	1	0	"杖 魔法"			59	29	31	25	0	66	59	0	50	0	0	0	0	0	1	0	0	1	0	0	0
6	0	0	1	4	1	1	0	"复活杖"			70	35	39	25	0	70	70	0	60	10	0	0	0	0	1	0	0	1	0	0	0
7	0	0	2	4	1	1	0	"杖 雷风 (Chaos)"			75	47	48	30	0	70	94	0	60	10	0	0	0	0	1	0	0	1	0	0	0
8	0	0	2	4	1	1	0	"杖 毁灭"			90	50	54	30	0	85	101	0	60	10	0	0	0	0	1	0	0	1	0	0	0
9	0	0	1	4	1	1	0	"杖 召魂"			100	46	48	30	0	91	92	0	52	16	0	0	0	0	2	0	0	0	0	0	0
10	0	0	1	4	1	1	0	"杖 火龙"			104	86	104	30	0	182	167	0	36	4	0	0	0	0	1	0	0	1	0	0	0
11	0	0	1	4	1	1	0	"杖 KunDun"			140	55	61	30	0	95	110	0	45	16	0	0	0	0	2	0	0	1	0	0	0
12	0	0	1	4	1	1	0	"杖 神魔"			147	140	155	30	0	100	160	380	39	13	0	0	0	0	2	0	0	0	0	0	0
13	0	0	1	4	1	1	0	"天使杖"			110	61	73	30	0	78	120	0	50	16	0	0	0	0	2	0	0	0	0	0	0
14	0	0	1	4	1	1	0	"法术杖"			28	17	18	25	0	50	34	0	34	14	0	0	0	0	0	0	0	0	0	1	0
15	0	0	1	4	1	1	0	"风杖"			42	23	25	25	0	60	46	0	33	17	0	0	0	0	0	0	0	0	0	1	0
16	0	0	1	4	1	1	0	"召唤杖"			59	29	31	25	0	65	59	0	36	14	0	0	0	0	0	0	0	0	0	1	0
17	0	0	1	4	1	1	0	"银光杖"			78	38	40	25	0	81	76	0	50	19	0	0	0	0	0	0	0	0	0	1	0
18	0	0	1	4	1	1	0	"赤鬼犬"			100	46	58	30	0	91	92	0	54	15	0	0	0	0	0	0	0	0	0	2	0
19	0	0	1	4	1	1	0	"犬 雷暴"			110	135	150	30	0	95	160	380	64	15	0	0	0	0	0	0	0	0	0	2	0
21	1	223	1	2	1	1	0	"火独角兽书"			52	0	0	25	0	60	46	0	0	20	135	0	0	0	0	0	0	0	0	1	0
22	1	224	1	2	1	1	0	"鬼剑书"			59	0	0	25	0	65	59	0	0	25	168	0	0	0	0	0	0	0	0	1	0
23	1	225	1	2	1	1	0	"魔攻书"			65	0	0	25	0	50	72	0	0	30	201	0	0	0	0	0	0	0	0	1	0
24	1	225	1	2	1	1	0	"书 血神"			149	0	0	50	0	50	72	0	0	30	201	0	0	0	0	0	0	0	0	1	0
25	1	225	1	2	1	1	0	"书 黑神"			149	0	0	50	0	50	72	0	0	30	201	0	0	0	0	0	0	0	0	1	0
26	1	225	1	2	1	1	0	"书 圣神"			149	0	0	50	0	50	72	0	0	30	201	0	0	0	0	0	0	0	0	1	0
27	1	225	1	2	1	1	0	"书 觉醒"			149	0	0	50	0	50	72	0	0	30	201	0	0	0	0	0	0	0	0	1	0
28	1	225	1	2	1	1	0	"书 蓝眼"			149	0	0	50	0	50	72	0	0	30	201	0	0	0	0	0	0	0	0	1	0
29	1	225	1	2	1	1	0	"书 银心"			149	0	0	50	0	50	72	0	0	30	201	0	0	0	0	0	0	0	0	1	0
30	0	0	1	4	1	1	0	"角斗杖"			138	57	59	30	0	91	126	380	47	18	0	0	0	0	0	0	0	1	0	0	0
31	0	0	1	4	1	1	0	"杖 鬼王"			137	57	61	30	0	182	124	380	48	14	0	0	0	0	2	0	0	0	0	0	0
32	0	0	1	4	1	1	0	"占星杖"			130	70	80	30	0	182	135	380	53	15	0	0	0	0	0	0	0	0	0	3	0
33	0	0	1	4	1	1	0	"蟒蛇杖"			147	55	57	30	0	78	124	0	50	12	0	0	0	0	2	0	0	1	0	0	0
34	0	0	1	4	1	1	0	"红玉杖"			147	61	73	30	0	98	130	0	50	14	0	0	0	0	0	0	0	0	0	2	0
36	0	0	1	4	1	1	0	"天女杖"			104	86	104	30	0	182	137	0	55	13	0	0	0	0	0	0	0	0	0	1	0
41	0	0	1	4	1	1	0	"杖 血神"			149	67	71	30	0	182	124	380	48	14	0	0	0	0	2	0	0	0	0	0	0
43	0	0	1	4	1	1	0	"犬 血神"			147	80	90	30	0	182	135	380	53	15	0	0	0	0	0	0	0	0	0	3	0
49	0	0	1	4	1	1	0	"火龙杖 (2级)"			149	153	165	30	0	182	184	0	30	4	0	0	0	0	3	0	0	3	0	0	0
50	0	0	1	4	1	1	0	"天女杖 (2级"			149	153	165	30	0	182	184	0	30	13	0	0	0	0	0	0	0	0	0	3	0
51	0	0	1	4	1	1	0	"杖 黑神"			149	77	81	30	0	182	124	380	48	14	0	0	0	0	2	0	0	0	0	0	0
52	0	0	1	4	1	1	0	"犬 黑神"			147	90	100	30	0	182	135	380	53	15	0	0	0	0	0	0	0	0	0	3	0
53	0	0	1	4	1	1	0	"杖 圣神"			149	87	91	30	0	182	124	380	48	14	0	0	0	0	2	0	0	0	0	0	0
54	0	0	1	4	1	1	0	"犬 圣神"			147	100	110	30	0	182	135	380	53	15	0	0	0	0	0	0	0	0	0	3	0
55	0	0	1	4	1	1	0	"杖 觉醒"			149	97	101	30	0	182	124	380	48	14	0	0	0	0	2	0	0	0	0	0	0
56	0	0	1	4	1	1	0	"犬 觉醒"			147	110	120	30	0	182	135	380	53	15	0	0	0	0	0	0	0	0	0	3	0
61	0	0	1	4	1	1	0	"杖 蓝眼"			149	97	111	30	0	182	124	380	48	14	0	0	0	0	2	0	0	0	0	0	0
62	0	0	1	4	1	1	0	"犬 蓝眼"			147	120	130	30	0	182	135	380	53	15	0	0	0	0	0	0	0	0	0	3	0
64	0	0	1	4	1	1	0	"杖 银心"			149	107	121	30	0	182	124	380	48	14	0	0	0	0	2	0	0	0	0	0	0
65	0	0	1	4	1	1	0	"犬 银心"			147	130	140	30	0	182	135	380	53	15	0	0	0	0	0	0	0	0	0	3	0
end

//Index	Slot	Skill	X	Y	Serial	Option	Drop	Name							level	Defense	SuccessfulBlocking	Dur	ReqLvl	ReqStr	ReqDex	ReqEne	ReqVit	ReqLead	SetAttr	DW/SM	DK/BK	ELF/ME	MG	DL SUM	RF
6
0	1	0	2	2	1	1	0	"圆盾"			3	1	3	22	0	70	0	0	0	0	0	1	1	1	1	1	0	0
1	1	0	2	2	1	1	0	"盾 角"			9	3	9	28	0	100	0	0	0	0	0	0	1	0	1	1	0	0
2	1	0	2	2	1	1	0	"鸢盾"			12	4	12	32	0	110	0	0	0	0	0	0	1	0	1	1	0	0
3	1	0	2	2	1	1	0	"女神盾"			21	8	21	36	0	30	100	0	0	0	0	0	0	1	0	0	0	0
4	1	18	2	2	1	1	0	"铁盾"			6	2	6	24	0	80	0	0	0	0	0	1	1	1	1	1	0	0
5	1	18	2	2	1	1	0	"盾 Kim Long"			35	10	36	44	0	100	40	0	0	0	0	0	1	0	1	1	0	0
6	1	18	2	2	1	1	0	"盾 骨"			15	5	15	34	0	110	0	0	0	0	0	1	1	1	1	1	0	0
7	1	18	2	2	1	1	0	"钉盾"			30	9	30	40	0	130	0	0	0	0	0	0	1	0	1	1	0	0
8	1	18	2	2	1	1	0	"柱盾"			40	11	40	46	0	130	0	0	0	0	0	0	1	1	1	1	0	0
9	1	18	2	2	1	1	0	"盾 Gia Huy"			25	8	25	38	0	120	0	0	0	0	0	0	1	0	1	1	0	0
10	1	18	2	2	1	1	0	"银盾"			18	6	18	35	0	120	0	0	0	0	0	0	1	0	1	1	0	0
11	1	18	2	2	1	1	0	"蛇盾"			45	12	45	48	0	130	0	0	0	0	0	0	1	1	1	1	0	0
12	1	18	2	2	1	1	0	"牛王盾"			54	13	54	52	0	140	0	0	0	0	0	0	1	0	1	0	0	0
13	1	18	2	2	1	1	0	"盾 火龙"			60	14	60	60	0	120	40	0	0	0	0	0	1	0	1	0	0	0
14	1	0	2	3	1	1	0	"盾 魔法"			48	7	48	50	0	90	25	0	0	0	0	1	0	1	1	0	0	0
15	1	0	2	3	1	1	0	"盾 召魂"			74	12	55	55	0	70	23	0	0	0	0	2	0	0	0	0	0	0
16	1	0	2	2	1	1	0	"盾 圣女"			66	11	28	51	0	30	60	30	0	0	0	0	0	2	0	0	0	0
17	1	18	2	2	1	1	0	"荣耀盾"			104	19	90	51	380	95	48	0	0	0	0	0	2	0	0	0	0	0
18	1	18	2	2	1	1	0	"角斗盾"			102	20	96	51	380	80	61	0	0	0	0	0	0	0	1	0	0	0
19	1	0	2	2	1	1	0	"冰晶盾"			99	14	58	51	380	26	53	26	0	0	0	0	0	2	0	0	0	0
20	1	18	2	2	1	1	0	"白羊盾"			106	12	30	51	380	54	18	0	0	0	0	2	0	0	0	0	0	0
21	1	18	2	2	1	1	0	"十字盾"			70	16	75	65	0	140	55	0	0	0	0	0	0	0	0	1	0	0
30	1	18	2	2	1	1	0	"盾 血神"			104	29	90	51	380	95	48	0	0	0	0	2	2	2	1	2	2	0
31	1	18	2	2	1	1	0	"盾 黑神"			104	39	100	51	380	95	48	0	0	0	0	2	2	2	1	2	2	0
32	1	18	2	2	1	1	0	"盾 圣神"			104	49	110	51	380	95	48	0	0	0	0	2	2	2	1	2	2	0
33	1	18	2	2	1	1	0	"盾 觉醒"			104	59	120	51	380	95	48	0	0	0	0	2	2	2	1	2	2	0
34	1	18	2	2	1	1	0	"盾 蓝眼"			104	69	130	51	380	95	48	0	0	0	0	2	2	2	1	2	2	0
35	1	18	2	2	1	1	0	"盾 银心"			104	79	140	51	380	95	48	0	0	0	0	2	2	2	1	2	2	0
end

//Index	Slot	Skill	X	Y	Serial	Option	Drop	Name							level	Defense	MagicDefense	Dur	ReqLvl	ReqStr	ReqDex	ReqEne	ReqVit	ReqLead	SetAttr	DW/SM	DK/BK	ELF/ME	MG	DL SUM	RF
7
0	2	0	2	2	1	1	0	"头盔 铜"			16	9	0	34	0	80	20	0	0	0	0	0	1	0	0	1	0	0
1	2	0	2	2	1	1	0	"头盔 火龙"			57	24	0	68	0	120	30	0	0	0	0	0	1	0	0	0	0	0
2	2	0	2	2	1	1	0	"头盔 粗布"			5	4	0	28	0	20	0	0	0	0	0	1	0	0	0	0	0	0
3	2	0	2	2	1	1	0	"头盔 魔法"			50	18	0	42	0	30	0	0	0	0	0	1	0	0	0	0	0	0
4	2	0	2	2	1	1	0	"头盔 骨"			18	9	0	30	0	30	0	0	0	0	0	1	0	0	0	0	0	0
5	2	0	2	2	1	1	0	"头盔 Da"			6	5	0	30	0	80	0	0	0	0	0	0	1	0	0	1	0	0
6	2	0	2	2	1	1	0	"头盔 青牛"			26	12	0	40	0	110	0	0	0	0	0	0	1	0	0	1	0	1
7	2	0	2	2	1	1	0	"头盔 狮身"			32	13	0	36	0	30	0	0	0	0	0	1	0	0	0	0	0	0
8	2	0	2	2	1	1	0	"头盔 千金"			36	17	0	44	0	100	30	0	0	0	0	0	1	0	0	0	0	1
9	2	0	2	2	1	1	0	"头盔 铁扇"			46	20	0	50	0	130	0	0	0	0	0	0	1	0	0	0	0	1
10	2	0	2	2	1	1	0	"头盔 处女"			6	4	0	22	0	30	60	0	0	0	0	0	0	1	0	0	0	0
11	2	0	2	2	1	1	0	"头盔 丝绸"			16	8	0	26	0	30	70	0	0	0	0	0	0	1	0	0	0	0
12	2	0	2	2	1	1	0	"头盔 天青"			28	12	0	32	0	30	80	0	0	0	0	0	0	1	0	0	0	0
13	2	0	2	2	1	1	0	"头盔 碧玉"			40	16	0	38	0	40	80	0	0	0	0	0	0	1	0	0	0	0
14	2	0	2	2	1	1	0	"头盔 金银"			53	23	0	45	0	40	80	0	0	0	0	0	0	1	0	0	0	0
16	2	0	2	2	1	1	0	"头盔 黑龙"			82	30	0	74	0	170	60	0	0	0	0	0	1	0	0	0	0	0
17	2	0	2	2	1	1	0	"头盔 凤凰"			92	43	0	80	0	205	62	0	0	0	0	0	2	0	0	0	0	0
18	2	0	2	2	1	1	0	"头盔 召魂"			81	27	0	67	0	59	20	0	0	0	0	2	0	0	0	0	0	0
19	2	0	2	2	1	1	0	"头盔 佳人"			85	37	0	74	0	50	110	0	0	0	0	0	0	2	0	0	0	0
21	2	0	2	2	1	1	0	"头盔 神龙"			104	53	0	86	0	200	58	0	0	0	0	0	2	0	0	0	0	0
22	2	0	2	2	1	1	0	"头盔 魔王"			110	36	0	75	0	55	18	0	0	0	0	2	0	0	0	0	0	0
24	2	0	2	2	1	1	0	"头盔 圣女"			93	46	0	80	0	52	115	0	0	0	0	0	0	2	0	0	0	0
25	2	0	2	2	1	1	0	"头盔 铁魔"			46	20	0	42	0	70	20	0	0	0	0	0	0	0	0	1	0	0
26	2	0	2	2	1	1	0	"头盔 玄铁"			66	24	0	56	0	77	21	0	0	0	0	0	0	0	0	1	0	0
27	2	0	2	2	1	1	0	"头盔 黑王"			86	26	0	70	0	84	22	0	0	0	0	0	0	0	0	1	0	0
28	2	0	2	2	1	1	0	"头盔 至尊"			106	34	0	78	0	80	21	0	0	0	0	0	0	0	0	1	0	0
29	2	0	2	2	1	1	0	"头盔 全能"			130	66	0	90	380	170	60	0	0	0	0	0	2	0	0	0	0	0
30	2	0	2	2	1	1	0	"头盔 神魔"			126	48	0	86	380	44	15	0	0	0	0	2	0	0	0	0	0	0
31	2	0	2	2	1	1	0	"头盔 太平"			126	57	0	86	380	38	80	0	0	0	0	0	0	2	0	0	0	0
33	2	0	2	2	1	1	0	"头盔 太阳"			130	46	0	82	380	62	16	0	0	0	0	0	0	0	0	1	0	0
34	2	0	2	2	1	1	0	"头盔 黑鸟"			67	27	0	72	0	160	50	0	0	0	0	0	1	0	0	0	0	0
35	2	0	2	2	1	1	0	"头盔 月光"			67	22	0	54	0	53	12	0	0	0	0	1	0	0	0	0	0	0
36	2	0	2	2	1	1	0	"头盔 女神"			67	30	0	59	0	50	70	0	0	0	0	0	0	1	0	0	0	0
38	2	0	2	2	1	1	0	"头盔 黄金"			97	30	0	74	0	80	21	0	0	0	0	0	0	0	0	1	0	0
39	2	0	2	2	1	1	0	"头盔 术士"			28	13	0	36	0	31	0	0	0	0	0	0	0	0	0	0	1	0
40	2	0	2	2	1	1	0	"头盔 火天"			50	18	0	42	0	26	4	0	0	0	0	0	0	0	0	0	1	0
41	2	0	2	2	1	1	0	"头盔 魔法"			68	24	0	54	0	52	16	0	0	0	0	0	0	0	0	0	1	0
42	2	0	2	2	1	1	0	"头盔 伏魔"			81	32	0	67	0	60	20	0	0	0	0	0	0	0	0	0	2	0
43	2	0	2	2	1	1	0	"头盔 雷暴"			110	43	0	75	380	56	20	0	0	0	0	0	0	0	0	0	2	0
44	2	0	2	2	1	1	0	"头盔 女王"			126	54	0	86	0	84	27	0	0	0	0	0	0	0	0	0	2	0
45	2	0	2	2	1	1	0	"头盔 神话"			111	63	0	86	380	222	32	0	0	0	0	0	1	0	0	0	0	0
46	2	0	2	2	1	1	0	"头盔 皇龙"			107	51	0	86	380	74	162	0	0	0	0	0	1	0	0	0	0	0
49	2	0	2	2	1	1	0	"头盔 天羽"			111	50	0	86	380	55	197	0	0	0	0	0	0	1	0	0	0	0
50	2	0	2	2	1	1	0	"头盔 鹦鹉"			104	44	0	86	380	32	29	138	0	0	0	0	0	1	0	0	0	0
51	2	0	2	2	1	1	0	"头盔 帝王"			111	44	0	86	380	105	38	0	0	0	0	0	0	0	0	1	0	0
52	2	0	2	2	1	1	0	"头盔 鬼王"			109	41	0	86	380	60	15	181	0	0	0	1	0	0	0	0	0	0
53	2	0	2	2	1	1	0	"头盔 占星"			112	98	0	86	380	65	15	0	0	0	0	0	0	0	0	0	2	0
59	2	0	2	2	1	1	0	"头盔 地龙"			54	24	0	52	0	85	0	0	75	0	0	0	0	0	0	0	0	1
60	2	0	2	2	1	1	0	"头盔 白琥"			70	32	0	68	0	100	0	0	90	0	0	0	0	0	0	0	0	1
61	2	0	2	2	1	1	0	"头盔 权力"			90	45	0	82	0	115	0	0	100	0	0	0	0	0	0	0	0	1
62	2	0	2	2	1	1	0	"头盔 青牛 - HK"			26	16	0	255	1	0	0	0	0	0	0	0	1	0	0	1	0	1
63	2	0	2	2	1	1	0	"头盔 丝绸 - HK"			16	11	0	255	1	0	0	0	0	0	0	0	0	1	0	0	0	0
64	2	0	2	2	1	1	0	"头盔 狮身 - HK"			32	17	0	255	1	0	0	0	0	0	0	1	0	0	0	0	0	0
65	2	0	2	2	1	1	0	"头盔 术士 - HK"			28	17	0	255	1	0	0	0	0	0	0	0	0	0	0	0	1	0
66	2	0	2	2	1	1	0	"头盔 玄铁 - HK"			66	29	0	255	150	0	0	0	0	0	0	0	0	0	0	1	0	0
67	2	0	2	2	1	1	0	"头盔 火龙 - HK"			57	29	0	255	150	0	0	0	0	0	0	0	1	0	0	0	0	0
68	2	0	2	2	1	1	0	"头盔 金银 - HK"			53	28	0	255	150	0	0	0	0	0	0	0	0	1	0	0	0	0
69	2	0	2	2	1	1	0	"头盔 魔法 - HK"			50	23	0	255	150	0	0	0	0	0	0	1	0	0	0	0	0	0
70	2	0	2	2	1	1	0	"头盔 火天 - HK"			50	20	0	255	150	0	0	0	0	0	0	0	0	0	0	0	1	0
72	2	0	2	2	1	1	0	"头盔 白虎 - HK"			70	32	0	255	150	0	0	0	0	0	0	0	0	0	0	0	0	1
73	2	0	2	2	1	1	0	"头盔 白龙"			128	60	0	88	380	97	0	0	85	0	0	0	0	0	0	0	0	1
77	2	0	2	2	1	1	0	"头盔 血龙"			140	88	0	88	380	105	0	0	85	0	0	0	0	0	0	0	0	1
98	2	0	2	2	1	1	0	"头盔 血神 DK"			143	125	0	90	380	200	33	0	0	0	0	0	3	0	0	0	0	0
99	2	0	2	2	1	1	0	"头盔 血神 DW"			143	125	0	90	380	45	13	171	0	0	0	3	0	0	0	0	0	0
100	2	0	2	2	1	1	0	"头盔 血神 Elf"			143	125	0	90	380	14	31	127	0	0	0	0	0	3	0	0	0	0
101	2	0	2	2	1	1	0	"头盔 血神 SUM"			143	125	0	90	380	56	19	157	0	0	0	0	0	0	0	0	3	0
103	2	0	2	2	1	1	0	"头盔 血神 DL"			143	125	0	90	380	112	22	0	0	0	0	0	0	0	0	3	0	0
104	2	0	2	2	1	1	0	"头盔 血神 RF"			128	125	0	88	380	105	0	0	85	0	0	0	0	0	0	0	0	1
106	2	0	2	2	1	1	0	"头盔 黑神 DK"			143	130	0	90	380	200	33	0	0	0	0	0	3	0	0	0	0	0
107	2	0	2	2	1	1	0	"头盔 黑神 DW"			143	130	0	90	380	45	13	171	0	0	0	3	0	0	0	0	0	0
108	2	0	2	2	1	1	0	"头盔 黑神 Elf"			143	130	0	90	380	14	31	127	0	0	0	0	0	3	0	0	0	0
109	2	0	2	2	1	1	0	"头盔 黑神 SUM"			143	130	0	90	380	56	19	157	0	0	0	0	0	0	0	0	3	0
111	2	0	2	2	1	1	0	"头盔 黑神 DL"			143	130	0	90	380	112	22	0	0	0	0	0	0	0	0	3	0	0
112	2	0	2	2	1	1	0	"头盔 黑神 RF"			143	130	0	90	380	105	0	0	85	0	0	0	0	0	0	0	0	1
138	2	0	2	2	1	1	0	"头盔 圣神 DK"			145	135	0	90	380	200	33	0	0	0	0	0	3	0	0	0	0	0
139	2	0	2	2	1	1	0	"头盔 圣神 DW"			145	135	0	90	380	45	13	171	0	0	0	3	0	0	0	0	0	0
140	2	0	2	2	1	1	0	"头盔 圣神 Elf"			145	135	0	90	380	14	31	127	0	0	0	0	0	3	0	0	0	0
141	2	0	2	2	1	1	0	"头盔 圣神 SUM"			145	135	0	90	380	56	19	157	0	0	0	0	0	0	0	0	3	0
143	2	0	2	2	1	1	0	"头盔 圣神 DL"			145	135	0	90	380	112	22	0	0	0	0	0	0	0	0	3	0	0
144	2	0	2	2	1	1	0	"头盔 圣神 RF"			145	135	0	90	380	105	0	0	85	0	0	0	0	0	0	0	0	1
150	2	0	2	2	1	1	0	"头盔 觉醒 DK"			146	140	0	90	380	200	33	0	0	0	0	0	3	0	0	0	0	0
151	2	0	2	2	1	1	0	"头盔 觉醒 DW"			146	140	0	90	380	45	13	171	0	0	0	3	0	0	0	0	0	0
152	2	0	2	2	1	1	0	"头盔 觉醒 Elf"			146	140	0	90	380	14	31	127	0	0	0	0	0	3	0	0	0	0
153	2	0	2	2	1	1	0	"头盔 觉醒 SUM"			146	140	0	90	380	56	19	157	0	0	0	0	0	0	0	0	3	0
155	2	0	2	2	1	1	0	"头盔 觉醒 DL"			146	140	0	90	380	112	22	0	0	0	0	0	0	0	0	3	0	0
156	2	0	2	2	1	1	0	"头盔 觉醒 RF"			146	140	0	90	380	105	0	0	85	0	0	0	0	0	0	0	0	1
164	2	0	2	2	1	1	0	"头盔 蓝眼 DK"			146	150	0	90	380	200	33	0	0	0	0	0	3	0	0	0	0	0
165	2	0	2	2	1	1	0	"头盔 蓝眼 DW"			146	150	0	90	380	45	13	171	0	0	0	3	0	0	0	0	0	0
166	2	0	2	2	1	1	0	"头盔 蓝眼 Elf"			146	150	0	90	380	14	31	127	0	0	0	0	0	3	0	0	0	0
167	2	0	2	2	1	1	0	"头盔 蓝眼 SUM"			146	150	0	90	380	56	19	157	0	0	0	0	0	0	0	0	3	0
169	2	0	2	2	1	1	0	"头盔 蓝眼 DL"			146	150	0	90	380	112	22	0	0	0	0	0	0	0	0	3	0	0
170	2	0	2	2	1	1	0	"头盔 蓝眼 RF"			146	150	0	90	380	105	0	0	85	0	0	0	0	0	0	0	0	1
189	2	0	2	2	1	1	0	"头盔 银心 DK"			148	160	0	90	380	200	33	0	0	0	0	0	3	0	0	0	0	0
190	2	0	2	2	1	1	0	"头盔 银心 DW"			148	160	0	90	380	45	13	171	0	0	0	3	0	0	0	0	0	0
191	2	0	2	2	1	1	0	"头盔 银心 Elf"			148	160	0	90	380	14	31	127	0	0	0	0	0	3	0	0	0	0
192	2	0	2	2	1	1	0	"头盔 银心 SUM"			148	160	0	90	380	56	19	157	0	0	0	0	0	0	0	0	3	0
194	2	0	2	2	1	1	0	"头盔 银心 DL"			148	160	0	90	380	112	22	0	0	0	0	0	0	0	0	3	0	0
195	2	0	2	2	1	1	0	"头盔 银心 RF"			148	160	0	90	380	105	0	0	85	0	0	0	0	0	0	0	0	1
end

//Index	Slot	Skill	X	Y	Serial	Option	Drop	Name							level	Defense	MagicDefense	Dur	ReqLvl	ReqStr	ReqDex	ReqEne	ReqVit	ReqLead	SetAttr	DW/SM	DK/BK	ELF/ME	MG	DL SUM	RF
8
0	3	0	2	2	1	1	0	"盔甲 铜"			18	14	0	34	0	80	20	0	0	0	0	0	1	0	1	1	0	0
1	3	0	2	3	1	1	0	"盔甲 火龙"			59	37	0	68	0	120	30	0	0	0	0	0	1	0	1	0	0	0
2	3	0	2	2	1	1	0	"盔甲 粗布"			10	7	0	28	0	30	0	0	0	0	0	1	0	0	1	0	0	0
3	3	0	2	2	1	1	0	"盔甲 魔法"			56	22	0	42	0	40	0	0	0	0	0	1	0	0	1	0	0	0
4	3	0	2	2	1	1	0	"盔甲 骨"			22	13	0	30	0	40	0	0	0	0	0	1	0	0	1	0	0	0
5	3	0	2	3	1	1	0	"盔甲 Da"			10	10	0	30	0	80	0	0	0	0	0	0	1	0	1	1	0	0
6	3	0	2	2	1	1	0	"盔甲 青牛"			28	18	0	40	0	110	0	0	0	0	0	0	1	0	1	1	0	1
7	3	0	2	3	1	1	0	"盔甲 狮身"			38	17	0	36	0	40	0	0	0	0	0	1	0	0	1	0	0	0
8	3	0	2	2	1	1	0	"盔甲 千金"			38	22	0	44	0	100	30	0	0	0	0	0	1	0	1	0	0	1
9	3	0	2	2	1	1	0	"盔甲 铁扇"			48	30	0	50	0	130	0	0	0	0	0	0	1	0	1	0	0	1
10	3	0	2	2	1	1	0	"盔甲 处女"			10	8	0	22	0	30	60	0	0	0	0	0	0	1	0	0	0	0
11	3	0	2	2	1	1	0	"盔甲 丝绸"			20	12	0	26	0	30	70	0	0	0	0	0	0	1	0	0	0	0
12	3	0	2	2	1	1	0	"盔甲 天青"			32	16	0	32	0	30	80	0	0	0	0	0	0	1	0	0	0	0
13	3	0	2	2	1	1	0	"盔甲 碧玉"			44	21	0	38	0	40	80	0	0	0	0	0	0	1	0	0	0	0
14	3	0	2	2	1	1	0	"盔甲 金银"			57	29	0	45	0	40	80	0	0	0	0	0	0	1	0	0	0	0
15	3	0	2	3	1	1	0	"盔甲 风雨"			80	44	0	80	0	150	70	0	0	0	0	0	0	0	1	0	0	0
16	3	0	2	3	1	1	0	"盔甲 黑龙"			90	48	0	74	0	170	60	0	0	0	0	0	1	0	0	0	0	0
17	3	0	2	3	1	1	0	"盔甲 凤凰"			100	63	0	80	0	214	65	0	0	0	0	0	2	0	0	0	0	0
18	3	0	2	3	1	1	0	"盔甲 召魂"			91	33	0	67	0	59	20	0	0	0	0	2	0	0	0	0	0	0
19	3	0	2	2	1	1	0	"盔甲 佳人"			92	44	0	74	0	50	110	0	0	0	0	0	0	2	0	0	0	0
20	3	0	2	3	1	1	0	"盔甲 雷风"			107	60	0	82	0	170	70	0	0	0	0	0	0	0	1	0	0	0
21	3	0	2	3	1	1	0	"盔甲 神龙"			126	75	0	86	0	200	58	0	0	0	0	0	2	0	0	0	0	0
22	3	0	2	3	1	1	0	"盔甲 魔王"			122	43	0	75	0	55	18	0	0	0	0	2	0	0	0	0	0	0
23	3	0	2	3	1	1	0	"盔甲 狂风"			128	73	0	90	0	162	66	0	0	0	0	0	0	0	1	0	0	0
24	3	0	2	2	1	1	0	"盔甲 圣女"			109	55	0	80	0	52	115	0	0	0	0	0	0	2	0	0	0	0
25	3	0	2	3	1	1	0	"盔甲 铁魔"			62	25	0	42	0	70	20	0	0	0	0	0	0	0	0	1	0	0
26	3	0	2	3	1	1	0	"盔甲 玄铁"			78	36	0	56	0	77	21	0	0	0	0	0	0	0	0	1	0	0
27	3	0	2	3	1	1	0	"盔甲 黑王"			96	43	0	70	0	84	22	0	0	0	0	0	0	0	0	1	0	0
28	3	0	2	3	1	1	0	"盔甲 至尊"			117	51	0	78	0	80	21	0	0	0	0	0	0	0	0	1	0	0
29	3	0	2	3	1	1	0	"盔甲 全能"			140	88	0	90	380	170	60	0	0	0	0	0	2	0	0	0	0	0
30	3	0	2	3	1	1	0	"盔甲 神魔"			146	57	0	86	380	44	15	0	0	0	0	2	0	0	0	0	0	0
31	3	0	2	3	1	1	0	"盔甲 太平"			146	68	0	86	380	38	80	0	0	0	0	0	0	2	0	0	0	0
32	3	0	2	3	1	1	0	"盔甲 红龙"			147	86	0	95	380	145	60	0	0	0	0	0	0	0	1	0	0	0
33	3	0	2	3	1	1	0	"盔甲 太阳"			147	64	0	82	380	62	16	0	0	0	0	0	0	0	0	1	0	0
34	3	0	2	3	1	1	0	"盔甲 黑鸟"			75	42	0	72	0	160	50	0	0	0	0	0	1	0	0	0	0	0
35	3	0	2	3	1	1	0	"盔甲 月光"			75	27	0	54	0	53	12	0	0	0	0	1	0	0	0	0	0	0
36	3	0	2	3	1	1	0	"盔甲 女神"			75	36	0	59	0	50	70	0	0	0	0	0	0	1	0	0	0	0
37	3	0	2	3	1	1	0	"盔甲 火神"			105	52	0	81	0	155	50	0	0	0	0	0	0	0	1	0	0	0
38	3	0	2	3	1	1	0	"盔甲 黄金"			105	47	0	74	0	80	21	0	0	0	0	0	0	0	0	1	0	0
39	3	0	2	2	1	1	0	"盔甲 术士"			34	22	0	36	0	39	0	0	0	0	0	0	0	0	0	0	1	0
40	3	0	2	2	1	1	0	"盔甲 火天"			56	28	0	42	0	35	8	0	0	0	0	0	0	0	0	0	1	0
41	3	0	2	2	1	1	0	"盔甲 魔法"			75	35	0	54	0	52	16	0	0	0	0	0	0	0	0	0	1	0
42	3	0	2	2	1	1	0	"盔甲 伏魔"			91	45	0	67	0	60	20	0	0	0	0	0	0	0	0	0	2	0
43	3	0	2	2	1	1	0	"盔甲 雷暴"			122	56	0	75	380	57	19	0	0	0	0	0	0	0	0	0	2	0
44	3	0	2	2	1	1	0	"盔甲 女王"			146	66	0	86	0	84	27	0	0	0	0	0	0	0	0	0	2	0
45	3	0	2	3	1	1	0	"盔甲 神话"			132	81	0	86	380	222	32	0	0	0	0	0	1	0	0	0	0	0
46	3	0	2	3	1	1	0	"盔甲 皇龙"			128	62	0	86	380	74	162	0	0	0	0	0	1	0	0	0	0	0
47	3	0	2	3	1	1	0	"盔甲 幽灵"			131	80	0	86	380	212	57	0	0	0	0	0	0	0	1	0	0	0
48	3	0	2	3	1	1	0	"盔甲 毁灭"			125	66	0	86	380	62	19	165	0	0	0	0	0	0	1	0	0	0
49	3	0	2	2	1	1	0	"盔甲 天羽"			129	60	0	86	380	55	197	0	0	0	0	0	0	1	0	0	0	0
50	3	0	2	2	1	1	0	"盔甲 鹦鹉"			122	52	0	86	380	32	29	138	0	0	0	0	0	1	0	0	0	0
51	3	0	2	3	1	1	0	"盔甲 帝王"			132	58	0	86	380	105	38	0	0	0	0	0	0	0	0	1	0	0
52	3	0	2	3	1	1	0	"盔甲 鬼王"			129	50	0	86	380	60	15	181	0	0	0	1	0	0	0	0	0	0
53	3	0	2	2	1	1	0	"盔甲 占星"			131	98	0	86	380	65	15	0	0	0	0	0	0	0	0	0	2	0
59	3	0	2	3	1	1	0	"盔甲 地龙"			66	43	0	52	0	85	0	0	75	0	0	0	0	0	0	0	0	1
60	3	0	2	3	1	1	0	"盔甲 白虎"			82	51	0	68	0	100	0	0	90	0	0	0	0	0	0	0	0	1
61	3	0	2	3	1	1	0	"盔甲 权力"			101	59	0	82	0	115	0	0	100	0	0	0	0	0	0	0	0	1
62	3	0	2	2	1	1	0	"盔甲 青牛 - HK"			28	21	0	255	1	0	0	0	0	0	0	0	1	0	0	1	0	1
63	3	0	2	2	1	1	0	"盔甲 丝绸 - HK"			20	14	0	255	1	0	0	0	0	0	0	0	0	1	0	0	0	0
64	3	0	2	3	1	1	0	"盔甲 狮身 - HK"			38	19	0	255	1	0	0	0	0	0	0	1	0	0	1	0	0	0
65	3	0	2	2	1	1	0	"盔甲 术士 - HK"			34	26	0	255	1	0	0	0	0	0	0	0	0	0	0	0	1	0
66	3	0	2	3	1	1	0	"盔甲 玄铁 - HK"			78	39	0	255	150	0	0	0	0	0	0	0	0	0	0	1	0	0
67	3	0	2	3	1	1	0	"盔甲 火龙 - HK"			59	42	0	255	150	0	0	0	0	0	0	0	1	0	0	0	0	0
68	3	0	2	2	1	1	0	"盔甲 金银 - HK"			57	29	0	255	150	0	0	0	0	0	0	0	0	1	0	0	0	0
69	3	0	2	2	1	1	0	"盔甲 魔法 - HK"			56	24	0	255	150	0	0	0	0	0	0	1	0	0	0	0	0	0
70	3	0	2	2	1	1	0	"盔甲 火天 - HK"			56	31	0	255	150	0	0	0	0	0	0	0	0	0	0	0	1	0
71	3	0	2	3	1	1	0	"盔甲 风雨 - HK"			80	47	0	255	150	0	0	0	0	0	0	0	0	0	1	0	0	0
72	3	0	2	3	1	1	0	"盔甲 白虎 - HK"			82	43	0	255	150	0	0	0	0	0	0	0	0	0	0	0	0	1
73	3	0	2	3	1	1	0	"盔甲 白龙"			143	78	0	88	380	97	0	0	85	0	0	0	0	0	0	0	0	1
77	3	0	2	3	1	1	0	"盔甲 血龙"			143	112	0	88	360	118	0	0	85	0	0	0	0	0	0	0	0	1
98	3	0	2	3	1	1	0	"盔甲 血神 DK"			148	130	0	90	380	200	33	0	0	0	0	0	3	0	0	0	0	0
99	3	0	2	3	1	1	0	"盔甲 血神 DW"			148	130	0	90	380	45	13	171	0	0	0	3	0	0	0	0	0	0
100	3	0	2	2	1	1	0	"盔甲 血神 Elf"			148	130	0	90	380	14	31	127	0	0	0	0	0	3	0	0	0	0
101	3	0	2	2	1	1	0	"盔甲 血神 SUM"			148	130	0	90	380	56	19	157	0	0	0	0	0	0	0	0	3	0
102	3	0	2	3	1	1	0	"盔甲 血神 MG"			148	130	0	90	380	48	17	142	0	0	0	0	0	0	3	0	0	0
103	3	0	2	3	1	1	0	"盔甲 血神 DL"			148	130	0	90	380	112	22	0	0	0	0	0	0	0	0	3	0	0
104	3	0	2	3	1	1	0	"盔甲 血神 RF"			128	130	0	88	380	118	0	0	85	0	0	0	0	0	0	0	0	1
106	3	0	2	3	1	1	0	"盔甲 黑神 DK"			148	135	0	90	380	200	33	0	0	0	0	0	3	0	0	0	0	0
107	3	0	2	3	1	1	0	"盔甲 黑神 DW"			148	135	0	90	380	45	13	171	0	0	0	3	0	0	0	0	0	0
108	3	0	2	2	1	1	0	"盔甲 黑神 Elf"			148	135	0	90	380	14	31	127	0	0	0	0	0	3	0	0	0	0
109	3	0	2	2	1	1	0	"盔甲 黑神 SUM"			148	135	0	90	380	56	19	157	0	0	0	0	0	0	0	0	3	0
110	3	0	2	3	1	1	0	"盔甲 黑神 MG"			148	135	0	90	380	48	17	142	0	0	0	0	0	0	3	0	0	0
111	3	0	2	3	1	1	0	"盔甲 黑神 DL"			148	135	0	90	380	112	22	0	0	0	0	0	0	0	0	3	0	0
112	3	0	2	3	1	1	0	"盔甲 黑神 RF"			128	135	0	88	380	118	0	0	85	0	0	0	0	0	0	0	0	1
138	3	0	2	3	1	1	0	"盔甲 圣神 DK"			149	145	0	90	380	200	33	0	0	0	0	0	3	0	0	0	0	0
139	3	0	2	3	1	1	0	"盔甲 圣神 DW"			149	145	0	90	380	45	13	171	0	0	0	3	0	0	0	0	0	0
140	3	0	2	2	1	1	0	"盔甲 圣神 Elf"			149	145	0	90	380	14	31	127	0	0	0	0	0	3	0	0	0	0
141	3	0	2	2	1	1	0	"盔甲 圣神 SUM"			149	145	0	90	380	56	19	157	0	0	0	0	0	0	0	0	3	0
142	3	0	2	3	1	1	0	"盔甲 圣神 MG"			149	145	0	90	380	48	17	142	0	0	0	0	0	0	3	0	0	0
143	3	0	2	3	1	1	0	"盔甲 圣神 DL"			149	145	0	90	380	112	22	0	0	0	0	0	0	0	0	3	0	0
144	3	0	2	3	1	1	0	"盔甲 圣神 RF"			149	145	0	88	380	118	0	0	85	0	0	0	0	0	0	0	0	1
150	3	0	2	3	1	1	0	"盔甲 觉醒 DK"			149	150	0	90	380	200	33	0	0	0	0	0	3	0	0	0	0	0
151	3	0	2	3	1	1	0	"盔甲 觉醒 DW"			149	150	0	90	380	45	13	171	0	0	0	3	0	0	0	0	0	0
152	3	0	2	2	1	1	0	"盔甲 觉醒 Elf"			149	150	0	90	380	14	31	127	0	0	0	0	0	3	0	0	0	0
153	3	0	2	2	1	1	0	"盔甲 觉醒 SUM"			149	150	0	90	380	56	19	157	0	0	0	0	0	0	0	0	3	0
154	3	0	2	3	1	1	0	"盔甲 觉醒 MG"			149	150	0	90	380	48	17	142	0	0	0	0	0	0	3	0	0	0
155	3	0	2	3	1	1	0	"盔甲 觉醒 DL"			149	150	0	90	380	112	22	0	0	0	0	0	0	0	0	3	0	0
156	3	0	2	3	1	1	0	"盔甲 觉醒 RF"			149	150	0	88	380	118	0	0	85	0	0	0	0	0	0	0	0	1
164	3	0	2	3	1	1	0	"盔甲 蓝眼 DK"			149	160	0	90	380	200	33	0	0	0	0	0	3	0	0	0	0	0
165	3	0	2	3	1	1	0	"盔甲 蓝眼 DW"			149	160	0	90	380	45	13	171	0	0	0	3	0	0	0	0	0	0
166	3	0	2	2	1	1	0	"盔甲 蓝眼 Elf"			149	160	0	90	380	14	31	127	0	0	0	0	0	3	0	0	0	0
167	3	0	2	2	1	1	0	"盔甲 蓝眼 SUM"			149	160	0	90	380	56	19	157	0	0	0	0	0	0	0	0	3	0
168	3	0	2	3	1	1	0	"盔甲 蓝眼 MG"			149	160	0	90	380	48	17	142	0	0	0	0	0	0	3	0	0	0
169	3	0	2	3	1	1	0	"盔甲 蓝眼 DL"			149	160	0	90	380	112	22	0	0	0	0	0	0	0	0	3	0	0
170	3	0	2	3	1	1	0	"盔甲 蓝眼 RF"			149	160	0	88	380	118	0	0	85	0	0	0	0	0	0	0	0	1
189	3	0	2	3	1	1	0	"盔甲 银心 DK"			149	170	0	90	380	200	33	0	0	0	0	0	3	0	0	0	0	0
190	3	0	2	3	1	1	0	"盔甲 银心 DW"			149	170	0	90	380	45	13	171	0	0	0	3	0	0	0	0	0	0
191	3	0	2	2	1	1	0	"盔甲 银心 Elf"			149	170	0	90	380	14	31	127	0	0	0	0	0	3	0	0	0	0
192	3	0	2	2	1	1	0	"盔甲 银心 SUM"			149	170	0	90	380	56	19	157	0	0	0	0	0	0	0	0	3	0
193	3	0	2	3	1	1	0	"盔甲 银心 MG"			149	170	0	90	380	48	17	142	0	0	0	0	0	0	3	0	0	0
194	3	0	2	3	1	1	0	"盔甲 银心 DL"			149	170	0	90	380	112	22	0	0	0	0	0	0	0	0	3	0	0
195	3	0	2	3	1	1	0	"盔甲 银心 RF"			149	170	0	88	380	118	0	0	85	0	0	0	0	0	0	0	0	1
end

//Index	Slot	Skill	X	Y	Serial	Option	Drop	Name			level	Defense	MagicDefense	Dur	ReqLvl	ReqStr	ReqDex	ReqEne	ReqVit	ReqLead	SetAttr	DW/SM	DK/BK	ELF/ME	MG	DL SUM	RF
9
0	4	0	2	2	1	1	0	"护腿 铜"			15	10	0	34	0	80	20	0	0	0	0	0	1	0	1	1	0	0
1	4	0	2	2	1	1	0	"护腿 火龙"			55	26	0	68	0	120	30	0	0	0	0	0	1	0	1	0	0	0
2	4	0	2	2	1	1	0	"护腿 粗布"			8	5	0	28	0	30	0	0	0	0	0	1	0	0	1	0	0	0
3	4	0	2	2	1	1	0	"护腿 魔法"			53	20	0	42	0	40	0	0	0	0	0	1	0	0	1	0	0	0
4	4	0	2	2	1	1	0	"护腿 骨"			20	10	0	30	0	40	0	0	0	0	0	1	0	0	1	0	0	0
5	4	0	2	2	1	1	0	"护腿 Da"			8	7	0	30	0	80	0	0	0	0	0	0	1	0	1	1	0	0
6	4	0	2	2	1	1	0	"护腿 青牛"			25	14	0	40	0	110	0	0	0	0	0	0	1	0	1	1	0	1
7	4	0	2	2	1	1	0	"护腿 狮身"			34	15	0	36	0	40	0	0	0	0	0	1	0	0	1	0	0	0
8	4	0	2	2	1	1	0	"护腿 千金"			35	18	0	44	0	100	30	0	0	0	0	0	1	0	1	0	0	1
9	4	0	2	2	1	1	0	"护腿 铁扇"			45	22	0	50	0	130	0	0	0	0	0	0	1	0	1	0	0	1
10	4	0	2	2	1	1	0	"护腿 处女"			8	6	0	22	0	30	60	0	0	0	0	0	0	1	0	0	0	0
11	4	0	2	2	1	1	0	"护腿 丝绸"			18	10	0	26	0	30	70	0	0	0	0	0	0	1	0	0	0	0
12	4	0	2	2	1	1	0	"护腿 天青"			30	14	0	32	0	30	80	0	0	0	0	0	0	1	0	0	0	0
13	4	0	2	2	1	1	0	"护腿 碧玉"			42	18	0	38	0	40	80	0	0	0	0	0	0	1	0	0	0	0
14	4	0	2	2	1	1	0	"护腿 金银"			54	25	0	45	0	40	80	0	0	0	0	0	0	1	0	0	0	0
15	4	0	2	2	1	1	0	"护腿 风雨"			74	34	0	80	0	150	70	0	0	0	0	0	0	0	1	0	0	0
16	4	0	2	2	1	1	0	"护腿 黑龙"			84	40	0	74	0	170	60	0	0	0	0	0	1	0	0	0	0	0
17	4	0	2	2	1	1	0	"护腿 凤凰"			96	54	0	80	0	207	63	0	0	0	0	0	2	0	0	0	0	0
18	4	0	2	2	1	1	0	"护腿 召魂"			86	30	0	67	0	59	20	0	0	0	0	2	0	0	0	0	0	0
19	4	0	2	2	1	1	0	"护腿 佳人"			88	39	0	74	0	50	110	0	0	0	0	0	0	2	0	0	0	0
20	4	0	2	2	1	1	0	"护腿 雷风"			99	49	0	82	0	150	70	0	0	0	0	0	0	0	1	0	0	0
21	4	0	2	2	1	1	0	"护腿 神龙"			113	65	0	86	0	200	58	0	0	0	0	0	2	0	0	0	0	0
22	4	0	2	2	1	1	0	"护腿 魔王"			117	39	0	75	0	55	18	0	0	0	0	2	0	0	0	0	0	0
23	4	0	2	2	1	1	0	"护腿 狂风"			122	61	0	90	0	162	66	0	0	0	0	0	0	0	1	0	0	0
24	4	0	2	2	1	1	0	"护腿 圣女"			100	48	0	80	0	52	115	0	0	0	0	0	0	2	0	0	0	0
25	4	0	2	2	1	1	0	"护腿 铁魔"			50	21	0	42	0	70	20	0	0	0	0	0	0	0	0	1	0	0
26	4	0	2	2	1	1	0	"护腿 玄铁"			70	26	0	56	0	77	21	0	0	0	0	0	0	0	0	1	0	0
27	4	0	2	2	1	1	0	"护腿 黑王"			92	31	0	70	0	84	22	0	0	0	0	0	0	0	0	1	0	0
28	4	0	2	2	1	1	0	"护腿 至尊"			110	39	0	78	0	80	21	0	0	0	0	0	0	0	0	1	0	0
29	4	0	2	2	1	1	0	"护腿 全能"			134	78	0	90	380	170	60	0	0	0	0	0	2	0	0	0	0	0
30	4	0	2	2	1	1	0	"护腿 神魔"			135	55	0	86	380	44	15	0	0	0	0	2	0	0	0	0	0	0
31	4	0	2	2	1	1	0	"护腿 太平"			135	61	0	86	380	38	80	0	0	0	0	0	0	2	0	0	0	0
32	4	0	2	2	1	1	0	"护腿 红龙"			135	74	0	95	380	145	60	0	0	0	0	0	0	0	1	0	0	0
33	4	0	2	2	1	1	0	"护腿 太阳"			140	52	0	82	380	62	16	0	0	0	0	0	0	0	0	1	0	0
34	4	0	2	2	1	1	0	"护腿 黑鸟"			69	33	0	72	0	160	50	0	0	0	0	0	1	0	0	0	0	0
35	4	0	2	2	1	1	0	"护腿 月光"			69	25	0	54	0	53	12	0	0	0	0	1	0	0	0	0	0	0
36	4	0	2	2	1	1	0	"护腿 女神"			69	32	0	59	0	50	70	0	0	0	0	0	0	1	0	0	0	0
37	4	0	2	2	1	1	0	"护腿 火神"			101	41	0	81	0	155	50	0	0	0	0	0	0	0	1	0	0	0
38	4	0	2	2	1	1	0	"护腿 黄金"			101	35	0	74	0	80	21	0	0	0	0	0	0	0	0	1	0	0
39	4	0	2	2	1	1	0	"护腿 术士"			30	16	0	36	0	36	0	0	0	0	0	0	0	0	0	0	1	0
40	4	0	2	2	1	1	0	"护腿 火天"			53	22	0	42	0	35	7	0	0	0	0	0	0	0	0	0	1	0
41	4	0	2	2	1	1	0	"护腿 魔法"			72	28	0	54	0	49	16	0	0	0	0	0	0	0	0	0	1	0
42	4	0	2	2	1	1	0	"护腿 伏魔"			86	37	0	67	0	60	20	0	0	0	0	0	0	0	0	0	2	0
43	4	0	2	2	1	1	0	"护腿 雷暴"			117	49	0	75	380	57	19	0	0	0	0	0	0	0	0	0	2	0
44	4	0	2	2	1	1	0	"护腿 女王"			135	59	0	86	0	84	27	0	0	0	0	0	0	0	0	0	2	0
45	4	0	2	2	1	1	0	"护腿 神话"			116	74	0	86	380	222	32	0	0	0	0	0	1	0	0	0	0	0
46	4	0	2	2	1	1	0	"护腿 皇龙"			112	58	0	86	380	74	162	0	0	0	0	0	1	0	0	0	0	0
47	4	0	2	2	1	1	0	"护腿 幽灵"			115	66	0	86	380	212	57	0	0	0	0	0	0	0	1	0	0	0
48	4	0	2	2	1	1	0	"护腿 毁灭"			113	51	0	86	380	62	19	165	0	0	0	0	0	0	1	0	0	0
49	4	0	2	2	1	1	0	"护腿 天羽"			116	53	0	86	380	55	197	0	0	0	0	0	0	1	0	0	0	0
50	4	0	2	2	1	1	0	"护腿 鹦鹉"			109	46	0	86	380	32	29	138	0	0	0	0	0	1	0	0	0	0
51	4	0	2	2	1	1	0	"护腿 帝王"			116	46	0	86	380	105	38	0	0	0	0	0	0	0	0	1	0	0
52	4	0	2	2	1	1	0	"护腿 鬼王"			114	44	0	86	380	60	15	181	0	0	0	1	0	0	0	0	0	0
53	4	0	2	2	1	1	0	"护腿 占星"			115	94	0	86	380	65	15	0	0	0	0	0	0	0	0	0	2	0
59	4	0	2	2	1	1	0	"护腿 地龙"			62	33	0	52	0	85	0	0	75	0	0	0	0	0	0	0	0	1
60	4	0	2	2	1	1	0	"护腿 白虎"			78	41	0	68	0	100	0	0	90	0	0	0	0	0	0	0	0	1
61	4	0	2	2	1	1	0	"护腿 权力"			95	49	0	82	0	115	0	0	100	0	0	0	0	0	0	0	0	1
62	4	0	2	2	1	1	0	"护腿 青牛 - HK"			25	18	0	255	1	0	0	0	0	0	0	0	1	0	1	1	0	1
63	4	0	2	2	1	1	0	"护腿 丝绸 - HK"			18	13	0	255	1	0	0	0	0	0	0	0	0	1	0	0	0	0
64	4	0	2	2	1	1	0	"护腿 狮身 - HK"			34	19	0	255	1	0	0	0	0	0	0	1	0	0	0	0	0	0
65	4	0	2	2	1	1	0	"护腿 术士 - HK"			30	20	0	255	1	0	0	0	0	0	0	0	0	0	0	0	1	0
66	4	0	2	2	1	1	0	"护腿 玄铁 - HK"			70	31	0	255	150	0	0	0	0	0	0	0	0	0	0	1	0	0
67	4	0	2	2	1	1	0	"护腿 火龙 - HK"			55	28	0	255	150	0	0	0	0	0	0	0	1	0	0	0	0	0
68	4	0	2	2	1	1	0	"护腿 金银 - HK"			54	30	0	255	150	0	0	0	0	0	0	0	0	1	0	0	0	0
69	4	0	2	2	1	1	0	"护腿 魔法 - HK"			53	25	0	255	150	0	0	0	0	0	0	1	0	0	0	0	0	0
70	4	0	2	2	1	1	0	"护腿 火天 - HK"			53	26	0	255	150	0	0	0	0	0	0	0	0	0	0	0	1	0
71	4	0	2	2	1	1	0	"护腿 风雨 - HK"			74	39	0	255	150	0	0	0	0	0	0	0	0	0	1	0	0	0
72	4	0	2	2	1	1	0	"护腿 白虎 - HK"			78	33	0	255	150	0	0	0	0	0	0	0	0	0	0	0	0	1
73	4	0	2	2	1	1	0	"护腿 白龙"			134	68	0	88	380	97	0	0	85	0	0	0	0	0	0	0	0	1
77	4	0	2	2	1	1	0	"护腿 血龙"			144	88	0	88	380	108	0	0	85	0	0	0	0	0	0	0	0	1
98	4	0	2	2	1	1	0	"护腿 血神 DK"			145	130	0	90	380	200	33	0	0	0	0	0	3	0	0	0	0	0
99	4	0	2	2	1	1	0	"护腿 血神 DW"			145	130	0	90	380	45	13	171	0	0	0	3	0	0	0	0	0	0
100	4	0	2	2	1	1	0	"护腿 血神 Elf"			145	130	0	90	380	14	31	127	0	0	0	0	0	3	0	0	0	0
101	4	0	2	2	1	1	0	"护腿 血神 SUM"			145	130	0	90	380	56	19	157	0	0	0	0	0	0	0	0	3	0
102	4	0	2	2	1	1	0	"护腿 血神 MG"			145	130	0	90	380	48	17	142	0	0	0	0	0	0	3	0	0	0
103	4	0	2	2	1	1	0	"护腿 血神 DL"			145	130	0	90	380	112	22	0	0	0	0	0	0	0	0	3	0	0
104	4	0	2	2	1	1	0	"护腿 血神 RF"			134	130	0	88	380	108	0	0	85	0	0	0	0	0	0	0	0	1
106	4	0	2	2	1	1	0	"护腿 黑神 DK"			145	135	0	90	380	200	33	0	0	0	0	0	3	0	0	0	0	0
107	4	0	2	2	1	1	0	"护腿 黑神 DW"			145	135	0	90	380	45	13	171	0	0	0	3	0	0	0	0	0	0
108	4	0	2	2	1	1	0	"护腿 黑神 Elf"			145	135	0	90	380	14	31	127	0	0	0	0	0	3	0	0	0	0
109	4	0	2	2	1	1	0	"护腿 黑神 SUM"			145	135	0	90	380	56	19	157	0	0	0	0	0	0	0	0	3	0
110	4	0	2	2	1	1	0	"护腿 黑神 MG"			145	135	0	90	380	48	17	142	0	0	0	0	0	0	3	0	0	0
111	4	0	2	2	1	1	0	"护腿 黑神 DL"			145	135	0	90	380	112	22	0	0	0	0	0	0	0	0	3	0	0
112	4	0	2	2	1	1	0	"护腿 黑神 RF"			134	135	0	88	380	108	0	0	85	0	0	0	0	0	0	0	0	1
138	4	0	2	2	1	1	0	"护腿 圣神 DK"			145	140	0	90	380	200	33	0	0	0	0	0	3	0	0	0	0	0
139	4	0	2	2	1	1	0	"护腿 圣神 DW"			145	140	0	90	380	45	13	171	0	0	0	3	0	0	0	0	0	0
140	4	0	2	2	1	1	0	"护腿 圣神 Elf"			145	140	0	90	380	14	31	127	0	0	0	0	0	3	0	0	0	0
141	4	0	2	2	1	1	0	"护腿 圣神 SUM"			145	140	0	90	380	56	19	157	0	0	0	0	0	0	0	0	3	0
142	4	0	2	2	1	1	0	"护腿 圣神 MG"			145	140	0	90	380	48	17	142	0	0	0	0	0	0	3	0	0	0
143	4	0	2	2	1	1	0	"护腿 圣神 DL"			145	140	0	90	380	112	22	0	0	0	0	0	0	0	0	3	0	0
144	4	0	2	2	1	1	0	"护腿 圣神 RF"			144	140	0	88	380	108	0	0	85	0	0	0	0	0	0	0	0	1
150	4	0	2	2	1	1	0	"护腿 觉醒 DK"			145	145	0	90	380	200	33	0	0	0	0	0	3	0	0	0	0	0
151	4	0	2	2	1	1	0	"护腿 觉醒 DW"			145	145	0	90	380	45	13	171	0	0	0	3	0	0	0	0	0	0
152	4	0	2	2	1	1	0	"护腿 觉醒 Elf"			145	145	0	90	380	14	31	127	0	0	0	0	0	3	0	0	0	0
153	4	0	2	2	1	1	0	"护腿 觉醒 SUM"			145	145	0	90	380	56	19	157	0	0	0	0	0	0	0	0	3	0
154	4	0	2	2	1	1	0	"护腿 觉醒 MG"			145	145	0	90	380	48	17	142	0	0	0	0	0	0	3	0	0	0
155	4	0	2	2	1	1	0	"护腿 觉醒 DL"			145	145	0	90	380	112	22	0	0	0	0	0	0	0	0	3	0	0
156	4	0	2	2	1	1	0	"护腿 觉醒 RF"			144	145	0	88	380	108	0	0	85	0	0	0	0	0	0	0	0	1
164	4	0	2	2	1	1	0	"护腿 蓝眼 DK"			145	155	0	90	380	200	33	0	0	0	0	0	3	0	0	0	0	0
165	4	0	2	2	1	1	0	"护腿 蓝眼 DW"			145	155	0	90	380	45	13	171	0	0	0	3	0	0	0	0	0	0
166	4	0	2	2	1	1	0	"护腿 蓝眼 Elf"			145	155	0	90	380	14	31	127	0	0	0	0	0	3	0	0	0	0
167	4	0	2	2	1	1	0	"护腿 蓝眼 SUM"			145	155	0	90	380	56	19	157	0	0	0	0	0	0	0	0	3	0
168	4	0	2	2	1	1	0	"护腿 蓝眼 MG"			145	155	0	90	380	48	17	142	0	0	0	0	0	0	3	0	0	0
169	4	0	2	2	1	1	0	"护腿 蓝眼 DL"			145	155	0	90	380	112	22	0	0	0	0	0	0	0	0	3	0	0
170	4	0	2	2	1	1	0	"护腿 蓝眼 RF"			144	155	0	88	380	108	0	0	85	0	0	0	0	0	0	0	0	1
189	4	0	2	2	1	1	0	"护腿 银心 DK"			147	165	0	90	380	200	33	0	0	0	0	0	3	0	0	0	0	0
190	4	0	2	2	1	1	0	"护腿 银心 DW"			147	165	0	90	380	45	13	171	0	0	0	3	0	0	0	0	0	0
191	4	0	2	2	1	1	0	"护腿 银心 Elf"			147	165	0	90	380	14	31	127	0	0	0	0	0	3	0	0	0	0
192	4	0	2	2	1	1	0	"护腿 银心 SUM"			147	165	0	90	380	56	19	157	0	0	0	0	0	0	0	0	3	0
193	4	0	2	2	1	1	0	"护腿 银心 MG"			147	165	0	90	380	48	17	142	0	0	0	0	0	0	3	0	0	0
194	4	0	2	2	1	1	0	"护腿 银心 DL"			147	165	0	90	380	112	22	0	0	0	0	0	0	0	0	3	0	0
195	4	0	2	2	1	1	0	"护腿 银心 RF"			147	165	0	88	380	108	0	0	85	0	0	0	0	0	0	0	0	1
end

//Index	Slot	Skill	X	Y	Serial	Option	Drop	Name			level	Defense	AttackSpeed	Dur	ReqLvl	ReqStr	ReqDex	ReqEne	ReqVit	ReqLead	SetAttr	DW/SM	DK/BK	ELF/ME	MG	DL SUM	RF
10
0	5	0	2	2	1	1	0	"手套 铜"			13	4	4	34	0	80	20	0	0	0	0	0	1	0	1	1	0	0
1	5	0	2	2	1	1	0	"手套 火龙"			52	14	6	68	0	120	30	0	0	0	0	0	1	0	1	0	0	0
2	5	0	2	2	1	1	0	"手套 粗布"			3	2	0	28	0	20	0	0	0	0	0	1	0	0	1	0	0	0
3	5	0	2	2	1	1	0	"手套 魔法"			44	11	0	42	0	20	0	0	0	0	0	1	0	0	1	0	0	0
4	5	0	2	2	1	1	0	"手套 骨"			14	5	0	30	0	20	0	0	0	0	0	1	0	0	1	0	0	0
5	5	0	2	2	1	1	0	"手套 Da"			4	2	8	30	0	80	0	0	0	0	0	0	1	0	1	1	0	0
6	5	0	2	2	1	1	0	"手套 青牛"			22	7	10	40	0	110	0	0	0	0	0	0	1	0	1	1	0	0
7	5	0	2	2	1	1	0	"手套 狮身"			28	8	0	36	0	20	0	0	0	0	0	1	0	0	1	0	0	0
8	5	0	2	2	1	1	0	"手套 千金"			32	9	8	44	0	100	30	0	0	0	0	0	1	0	1	0	0	0
9	5	0	2	2	1	1	0	"手套 铁扇"			42	12	4	50	0	130	0	0	0	0	0	0	1	0	1	0	0	0
10	5	0	2	2	1	1	0	"手套 处女"			4	2	4	22	0	30	60	0	0	0	0	0	0	1	0	0	0	0
11	5	0	2	2	1	1	0	"手套 丝绸"			14	4	8	26	0	30	70	0	0	0	0	0	0	1	0	0	0	0
12	5	0	2	2	1	1	0	"手套 天青"			26	6	10	32	0	30	80	0	0	0	0	0	0	1	0	0	0	0
13	5	0	2	2	1	1	0	"手套 碧玉"			38	9	4	38	0	40	80	0	0	0	0	0	0	1	0	0	0	0
14	5	0	2	2	1	1	0	"手套 金银"			50	15	6	45	0	40	80	0	0	0	0	0	0	1	0	0	0	0
15	5	0	2	2	1	1	0	"手套 风雨"			70	20	6	80	0	150	70	0	0	0	0	0	0	0	1	0	0	0
16	5	0	2	2	1	1	0	"手套 黑龙"			76	22	6	74	0	170	60	0	0	0	0	0	1	0	0	0	0	0
17	5	0	2	2	1	1	0	"手套 凤凰"			86	37	6	80	0	205	63	0	0	0	0	0	2	0	0	0	0	0
18	5	0	2	2	1	1	0	"手套 召魂"			70	20	5	67	0	49	10	0	0	0	0	2	0	0	0	0	0	0
19	5	0	2	2	1	1	0	"手套 佳人"			72	29	6	74	0	50	110	0	0	0	0	0	0	2	0	0	0	0
20	5	0	2	2	1	1	0	"手套 雷风"			88	34	7	82	0	150	70	0	0	0	0	0	0	0	1	0	0	0
21	5	0	2	2	1	1	0	"手套 神龙"			94	48	6	86	0	200	58	0	0	0	0	0	2	0	0	0	0	0
22	5	0	2	2	1	1	0	"手套 魔王"			87	30	6	75	0	55	18	0	0	0	0	2	0	0	0	0	0	0
23	5	0	2	2	1	1	0	"手套 狂风"			102	45	7	90	0	162	66	0	0	0	0	0	0	0	1	0	0	0
24	5	0	2	2	1	1	0	"手套 圣女"			84	38	6	80	0	52	115	0	0	0	0	0	0	2	0	0	0	0
25	5	0	2	2	1	1	0	"手套 铁魔"			42	12	7	42	0	70	20	0	0	0	0	0	0	0	0	1	0	0
26	5	0	2	2	1	1	0	"手套 玄铁"			57	18	6	56	0	77	21	0	0	0	0	0	0	0	0	1	0	0
27	5	0	2	2	1	1	0	"手套 黑王"			75	21	5	70	0	84	22	0	0	0	0	0	0	0	0	1	0	0
28	5	0	2	2	1	1	0	"手套 至尊"			89	29	4	78	0	80	21	0	0	0	0	0	0	0	0	1	0	0
29	5	0	2	2	1	1	0	"手套 全能"			114	60	7	90	380	170	60	0	0	0	0	0	2	0	0	0	0	0
30	5	0	2	2	1	1	0	"手套 神魔"			111	44	7	86	380	44	15	0	0	0	0	2	0	0	0	0	0	0
31	5	0	2	2	1	1	0	"手套 太平"			111	50	7	86	380	38	80	0	0	0	0	0	0	2	0	0	0	0
32	5	0	2	2	1	1	0	"手套 红龙"			127	55	7	95	380	145	60	0	0	0	0	0	0	0	1	0	0	0
33	5	0	2	2	1	1	0	"手套 太阳"			110	40	5	82	380	62	16	0	0	0	0	0	0	0	0	1	0	0
34	5	0	2	2	1	1	0	"手套 黑鸟"			61	18	6	72	0	160	50	0	0	0	0	0	1	0	0	0	0	0
35	5	0	2	2	1	1	0	"手套 月光"			61	15	6	54	0	53	12	0	0	0	0	1	0	0	0	0	0	0
36	5	0	2	2	1	1	0	"手套 女神"			61	22	6	59	0	50	70	0	0	0	0	0	0	1	0	0	0	0
37	5	0	2	2	1	1	0	"手套 火神"			91	27	7	81	0	155	50	0	0	0	0	0	0	0	1	0	0	0
38	5	0	2	2	1	1	0	"手套 黄金"			91	25	5	74	0	80	21	0	0	0	0	0	0	0	0	1	0	0
39	5	0	2	2	1	1	0	"手套 术士"			24	9	6	36	0	22	0	0	0	0	0	0	0	0	0	0	1	0
40	5	0	2	2	1	1	0	"手套 火天"			44	13	8	42	0	18	4	0	0	0	0	0	0	0	0	0	1	0
41	5	0	2	2	1	1	0	"手套 魔法"			61	19	7	54	0	52	16	0	0	0	0	0	0	0	0	0	1	0
42	5	0	2	2	1	1	0	"手套 伏魔"			70	26	6	67	0	50	10	0	0	0	0	0	0	0	0	0	2	0
43	5	0	2	2	1	1	0	"手套 雷暴"			87	34	6	75	380	56	20	0	0	0	0	0	0	0	0	0	2	0
44	5	0	2	2	1	1	0	"手套 女王"			110	49	0	86	0	84	27	0	0	0	0	0	0	0	0	0	2	0
45	5	0	2	2	1	1	0	"手套 神话"			100	56	7	86	380	222	32	0	0	0	0	0	1	0	0	0	0	0
46	5	0	2	2	1	1	0	"手套 皇龙"			97	42	7	86	380	74	162	0	0	0	0	0	1	0	0	0	0	0
47	5	0	2	2	1	1	0	"手套 幽灵"			101	49	7	86	380	212	57	0	0	0	0	0	0	0	1	0	0	0
48	5	0	2	2	1	1	0	"手套 毁灭"			99	40	7	86	380	62	19	165	0	0	0	0	0	0	1	0	0	0
49	5	0	2	2	1	1	0	"手套 天羽"			100	43	7	86	380	55	197	0	0	0	0	0	0	1	0	0	0	0
50	5	0	2	2	1	1	0	"手套 鹦鹉"			95	36	7	86	380	32	29	138	0	0	0	0	0	1	0	0	0	0
51	5	0	2	2	1	1	0	"手套 帝王"			101	34	7	86	380	105	38	0	0	0	0	0	0	0	0	1	0	0
52	5	0	2	2	1	1	0	"手套 鬼王"			100	31	7	86	380	60	15	181	0	0	0	1	0	0	0	0	0	0
53	5	0	2	2	1	1	0	"手套 占星"			98	73	7	86	380	65	15	0	0	0	0	0	0	0	0	0	2	0
62	5	0	2	2	1	1	0	"手套 青牛 - HK"			22	10	10	255	1	0	0	0	0	0	0	0	1	0	0	1	0	1
63	5	0	2	2	1	1	0	"手套 丝绸 - HK"			14	6	8	255	1	0	0	0	0	0	0	0	0	1	0	0	0	0
64	5	0	2	2	1	1	0	"手套 狮身 - HK"			28	12	0	255	1	0	0	0	0	0	0	1	0	0	1	0	0	0
65	5	0	2	2	1	1	0	"手套 术士 - HK"			24	13	6	255	1	0	0	0	0	0	0	0	0	0	0	0	1	0
66	5	0	2	2	1	1	0	"手套 玄铁 - HK"			57	20	6	255	150	0	0	0	0	0	0	0	0	0	0	1	0	0
67	5	0	2	2	1	1	0	"手套 火龙 - HK"			52	19	6	255	150	0	0	0	0	0	0	0	1	0	0	0	0	0
68	5	0	2	2	1	1	0	"手套 金银 - HK"			50	20	6	255	150	0	0	0	0	0	0	0	0	1	0	0	0	0
69	5	0	2	2	1	1	0	"手套 魔法 - HK"			44	16	0	255	150	0	0	0	0	0	0	1	0	0	0	0	0	0
70	5	0	2	2	1	1	0	"手套 火天 - HK"			44	18	8	255	150	0	0	0	0	0	0	0	0	0	0	0	1	0
71	5	0	2	2	1	1	0	"手套 风雨 - HK"			70	25	6	255	150	0	0	0	0	0	0	0	0	0	1	0	0	0
98	5	0	2	2	1	1	0	"手套 血神 DK"			142	125	7	90	380	200	33	0	0	0	0	0	3	0	0	0	0	0
99	5	0	2	2	1	1	0	"手套 血神 DW"			142	125	7	90	380	45	13	171	0	0	0	3	0	0	0	0	0	0
100	5	0	2	2	1	1	0	"手套 血神 Elf"			142	125	7	90	380	14	31	127	0	0	0	0	0	3	0	0	0	0
101	5	0	2	2	1	1	0	"手套 血神 SUM"			142	125	6	90	380	56	19	157	0	0	0	0	0	0	0	0	3	0
102	5	0	2	2	1	1	0	"手套 血神 MG"			142	125	7	90	380	48	17	142	0	0	0	0	0	0	3	0	0	0
103	5	0	2	2	1	1	0	"手套 血神 DL"			142	125	7	90	380	112	22	0	0	0	0	0	0	0	0	3	0	0
106	5	0	2	2	1	1	0	"手套 黑神 DK"			142	130	7	90	380	200	33	0	0	0	0	0	3	0	0	0	0	0
107	5	0	2	2	1	1	0	"手套 黑神 DW"			142	130	7	90	380	45	13	171	0	0	0	3	0	0	0	0	0	0
108	5	0	2	2	1	1	0	"手套 黑神 Elf"			142	130	7	90	380	14	31	127	0	0	0	0	0	3	0	0	0	0
109	5	0	2	2	1	1	0	"手套 黑神 SUM"			142	130	6	90	380	56	19	157	0	0	0	0	0	0	0	0	3	0
110	5	0	2	2	1	1	0	"手套 黑神 MG"			142	130	7	90	380	48	17	142	0	0	0	0	0	0	3	0	0	0
111	5	0	2	2	1	1	0	"手套 黑神 DL"			142	130	7	90	380	112	22	0	0	0	0	0	0	0	0	3	0	0
138	5	0	2	2	1	1	0	"手套 圣神 DK"			142	135	7	90	380	200	33	0	0	0	0	0	3	0	0	0	0	0
139	5	0	2	2	1	1	0	"手套 圣神 DW"			142	135	7	90	380	45	13	171	0	0	0	3	0	0	0	0	0	0
140	5	0	2	2	1	1	0	"手套 圣神 Elf"			142	135	7	90	380	14	31	127	0	0	0	0	0	3	0	0	0	0
141	5	0	2	2	1	1	0	"手套 圣神 SUM"			142	135	6	90	380	56	19	157	0	0	0	0	0	0	0	0	3	0
142	5	0	2	2	1	1	0	"手套 圣神 MG"			142	135	7	90	380	48	17	142	0	0	0	0	0	0	3	0	0	0
143	5	0	2	2	1	1	0	"手套 圣神 DL"			142	135	7	90	380	112	22	0	0	0	0	0	0	0	0	3	0	0
150	5	0	2	2	1	1	0	"手套 觉醒 DK"			142	140	7	90	380	200	33	0	0	0	0	0	3	0	0	0	0	0
151	5	0	2	2	1	1	0	"手套 觉醒 DW"			142	140	7	90	380	45	13	171	0	0	0	3	0	0	0	0	0	0
152	5	0	2	2	1	1	0	"手套 觉醒 Elf"			142	140	7	90	380	14	31	127	0	0	0	0	0	3	0	0	0	0
153	5	0	2	2	1	1	0	"手套 觉醒 SUM"			142	140	6	90	380	56	19	157	0	0	0	0	0	0	0	0	3	0
154	5	0	2	2	1	1	0	"手套 觉醒 MG"			142	140	7	90	380	48	17	142	0	0	0	0	0	0	3	0	0	0
155	5	0	2	2	1	1	0	"手套 觉醒 DL"			142	140	7	90	380	112	22	0	0	0	0	0	0	0	0	3	0	0
164	5	0	2	2	1	1	0	"手套 蓝眼 DK"			142	150	7	90	380	200	33	0	0	0	0	0	3	0	0	0	0	0
165	5	0	2	2	1	1	0	"手套 蓝眼 DW"			142	150	7	90	380	45	13	171	0	0	0	3	0	0	0	0	0	0
166	5	0	2	2	1	1	0	"手套 蓝眼 Elf"			142	150	7	90	380	14	31	127	0	0	0	0	0	3	0	0	0	0
167	5	0	2	2	1	1	0	"手套 蓝眼 SUM"			142	150	6	90	380	56	19	157	0	0	0	0	0	0	0	0	3	0
168	5	0	2	2	1	1	0	"手套 蓝眼 MG"			142	150	7	90	380	48	17	142	0	0	0	0	0	0	3	0	0	0
169	5	0	2	2	1	1	0	"手套 蓝眼 DL"			142	150	7	90	380	112	22	0	0	0	0	0	0	0	0	3	0	0
189	5	0	2	2	1	1	0	"手套 银心 DK"			144	160	7	90	380	200	33	0	0	0	0	0	3	0	0	0	0	0
190	5	0	2	2	1	1	0	"手套 银心 DW"			144	160	7	90	380	45	13	171	0	0	0	3	0	0	0	0	0	0
191	5	0	2	2	1	1	0	"手套 银心 Elf"			144	160	7	90	380	14	31	127	0	0	0	0	0	3	0	0	0	0
192	5	0	2	2	1	1	0	"手套 银心 SUM"			144	160	6	90	380	56	19	157	0	0	0	0	0	0	0	0	3	0
193	5	0	2	2	1	1	0	"手套 银心 MG"			144	160	7	90	380	48	17	142	0	0	0	0	0	0	3	0	0	0
194	5	0	2	2	1	1	0	"手套 银心 DL"			144	160	7	90	380	112	22	0	0	0	0	0	0	0	0	3	0	0
end

//Index	Slot	Skill	X	Y	Serial	Option	Drop	Name			level	Defense	WalkSpeed	Dur	ReqLvl	ReqStr	ReqDex	ReqEne	ReqVit	ReqLead	SetAttr	DW/SM	DK/BK	ELF/ME	MG	DL SUM	RF
11
0	6	0	2	2	1	1	0	"靴子 铜"			12	4	10	34	0	80	20	0	0	0	0	0	1	0	1	1	0	0
1	6	0	2	2	1	1	0	"靴子 火龙"			54	15	2	68	0	120	30	0	0	0	0	0	1	0	1	0	0	0
2	6	0	2	2	1	1	0	"靴子 粗布"			4	3	10	28	0	20	0	0	0	0	0	1	0	0	1	0	0	0
3	6	0	2	2	1	1	0	"靴子 魔法"			46	12	0	42	0	30	0	0	0	0	0	1	0	0	1	0	0	0
4	6	0	2	2	1	1	0	"靴子 骨"			16	6	6	30	0	30	0	0	0	0	0	1	0	0	1	0	0	0
5	6	0	2	2	1	1	0	"靴子 Da"			5	2	12	30	0	80	0	0	0	0	0	0	1	0	1	1	0	0
6	6	0	2	2	1	1	0	"靴子 青牛"			22	8	8	40	0	110	0	0	0	0	0	0	1	0	1	1	0	1
7	6	0	2	2	1	1	0	"靴子 狮身"			30	9	8	36	0	30	0	0	0	0	0	1	0	0	1	0	0	0
8	6	0	2	2	1	1	0	"靴子 千金"			32	10	6	44	0	100	30	0	0	0	0	0	1	0	1	0	0	1
9	6	0	2	2	1	1	0	"靴子 铁扇"			42	12	4	50	0	130	0	0	0	0	0	0	1	0	1	0	0	1
10	6	0	2	2	1	1	0	"靴子 处女"			5	2	0	22	0	30	60	0	0	0	0	0	0	1	0	0	0	0
11	6	0	2	2	1	1	0	"靴子 丝绸"			15	4	0	26	0	30	70	0	0	0	0	0	0	1	0	0	0	0
12	6	0	2	2	1	1	0	"靴子 天青"			27	7	0	32	0	30	80	0	0	0	0	0	0	1	0	0	0	0
13	6	0	2	2	1	1	0	"靴子 碧玉"			40	10	0	38	0	40	80	0	0	0	0	0	0	1	0	0	0	0
14	6	0	2	2	1	1	0	"靴子 金银"			52	16	0	45	0	40	80	0	0	0	0	0	0	1	0	0	0	0
15	6	0	2	2	1	1	0	"靴子 风雨"			72	22	2	80	0	150	70	0	0	0	0	0	0	0	1	0	0	0
16	6	0	2	2	1	1	0	"靴子 黑龙"			78	24	2	74	0	170	60	0	0	0	0	0	1	0	0	0	0	0
17	6	0	2	2	1	1	0	"靴子 凤凰"			93	40	2	80	0	198	60	0	0	0	0	0	2	0	0	0	0	0
18	6	0	2	2	1	1	0	"靴子 召魂"			76	22	0	67	0	59	10	0	0	0	0	2	0	0	0	0	0	0
19	6	0	2	2	1	1	0	"靴子 佳人"			81	30	0	74	0	50	110	0	0	0	0	0	0	2	0	0	0	0
20	6	0	2	2	1	1	0	"靴子 雷风"			92	37	2	82	0	150	70	0	0	0	0	0	0	0	1	0	0	0
21	6	0	2	2	1	1	0	"靴子 神龙"			98	50	0	86	0	200	58	0	0	0	0	0	2	0	0	0	0	0
22	6	0	2	2	1	1	0	"靴子 魔王"			95	31	0	75	0	55	18	0	0	0	0	2	0	0	0	0	0	0
23	6	0	2	2	1	1	0	"靴子 狂风"			110	50	0	90	0	162	66	0	0	0	0	0	0	0	1	0	0	0
24	6	0	2	2	1	1	0	"靴子 圣女"			87	40	0	80	0	52	115	0	0	0	0	0	0	2	0	0	0	0
25	6	0	2	2	1	1	0	"靴子 铁魔"			45	13	0	42	0	70	20	0	0	0	0	0	0	0	0	1	0	0
26	6	0	2	2	1	1	0	"靴子 玄铁"			60	20	0	56	0	77	21	0	0	0	0	0	0	0	0	1	0	0
27	6	0	2	2	1	1	0	"靴子 黑王"			83	25	0	70	0	84	22	0	0	0	0	0	0	0	0	1	0	0
28	6	0	2	2	1	1	0	"靴子 至尊"			95	33	0	78	0	80	21	0	0	0	0	0	0	0	0	1	0	0
29	6	0	2	2	1	1	0	"靴子 全能"			119	63	0	90	380	170	60	0	0	0	0	0	2	0	0	0	0	0
30	6	0	2	2	1	1	0	"靴子 神魔"			119	47	0	86	380	44	15	0	0	0	0	2	0	0	0	0	0	0
31	6	0	2	2	1	1	0	"靴子 太平"			119	53	0	86	380	38	80	0	0	0	0	0	0	2	0	0	0	0
32	6	0	2	2	1	1	0	"靴子 红龙"			131	61	0	95	380	145	60	0	0	0	0	0	0	0	1	0	0	0
33	6	0	2	2	1	1	0	"靴子 太阳"			121	44	0	82	380	62	16	0	0	0	0	0	0	0	0	1	0	0
34	6	0	2	2	1	1	0	"靴子 黑鸟"			68	19	0	72	0	160	50	0	0	0	0	0	1	0	0	0	0	0
35	6	0	2	2	1	1	0	"靴子 月光"			68	17	0	54	0	53	12	0	0	0	0	1	0	0	0	0	0	0
36	6	0	2	2	1	1	0	"靴子 女神"			68	23	0	59	0	50	70	0	0	0	0	0	0	1	0	0	0	0
37	6	0	2	2	1	1	0	"靴子 火神"			98	29	0	81	0	155	50	0	0	0	0	0	0	0	1	0	0	0
38	6	0	2	2	1	1	0	"靴子 黄金"			98	29	0	74	0	80	21	0	0	0	0	0	0	0	0	1	0	0
39	6	0	2	2	1	1	0	"靴子 术士"			26	11	0	36	0	27	0	0	0	0	0	0	0	0	0	0	1	0
40	6	0	2	2	1	1	0	"靴子 火天"			46	15	0	42	0	25	4	0	0	0	0	0	0	0	0	0	1	0
41	6	0	2	2	1	1	0	"靴子 魔法"			65	21	0	54	0	53	16	0	0	0	0	0	0	0	0	0	1	0
42	6	0	2	2	1	1	0	"靴子 伏魔"			76	28	0	67	0	60	10	0	0	0	0	0	0	0	0	0	2	0
43	6	0	2	2	1	1	0	"靴子 雷暴"			95	38	0	75	380	57	20	0	0	0	0	0	0	0	0	0	2	0
44	6	0	2	2	1	1	0	"靴子 女王"			11	51	0	86	0	84	27	0	0	0	0	0	0	0	0	0	2	0
45	6	0	2	2	1	1	0	"靴子 神话"			96	57	0	86	380	222	32	0	0	0	0	0	1	0	0	0	0	0
46	6	0	2	2	1	1	0	"靴子 皇龙"			93	45	0	86	380	74	162	0	0	0	0	0	1	0	0	0	0	0
47	6	0	2	2	1	1	0	"靴子 幽灵"			97	54	0	86	380	212	57	0	0	0	0	0	0	0	1	0	0	0
48	6	0	2	2	1	1	0	"靴子 毁灭"			94	44	0	86	380	62	19	165	0	0	0	0	0	0	1	0	0	0
49	6	0	2	2	1	1	0	"靴子 天羽"			97	42	0	86	380	55	197	0	0	0	0	0	0	1	0	0	0	0
50	6	0	2	2	1	1	0	"靴子 鹦鹉"			92	35	0	86	380	32	29	138	0	0	0	0	0	1	0	0	0	0
51	6	0	2	2	1	1	0	"靴子 帝王"			98	38	0	86	380	105	38	0	0	0	0	0	0	0	0	1	0	0
52	6	0	2	2	1	1	0	"靴子 鬼王"			94	34	0	86	380	60	15	181	0	0	0	1	0	0	0	0	0	0
53	6	0	2	2	1	1	0	"靴子 占星"			97	98	7	86	380	65	15	0	0	0	0	0	0	0	0	0	2	0
59	6	0	2	2	1	1	0	"靴子 地龙"			50	20	0	52	0	85	0	0	75	0	0	0	0	0	0	0	0	1
60	6	0	2	2	1	1	0	"靴子 白虎"			62	28	0	68	0	100	0	0	90	0	0	0	0	0	0	0	0	1
61	6	0	2	2	1	1	0	"靴子 权力"			82	36	0	82	0	115	0	0	100	0	0	0	0	0	0	0	0	1
62	6	0	2	2	1	1	0	"靴子 青牛 - HK"			22	12	8	255	1	0	0	0	0	0	0	0	1	0	0	1	0	1
63	6	0	2	2	1	1	0	"靴子 丝绸 - HK"			15	7	0	255	1	0	0	0	0	0	0	0	0	1	0	0	0	0
64	6	0	2	2	1	1	0	"靴子 狮身 - HK"			30	13	8	255	1	0	0	0	0	0	0	1	0	0	1	0	0	0
65	6	0	2	2	1	1	0	"靴子 术士 - HK"			26	15	0	255	1	0	0	0	0	0	0	0	0	0	0	0	1	0
66	6	0	2	2	1	1	0	"靴子 玄铁 - HK"			60	25	0	255	150	0	0	0	0	0	0	0	0	0	0	1	0	0
67	6	0	2	2	1	1	0	"靴子 火龙 - HK"			54	20	2	255	150	0	0	0	0	0	0	0	1	0	0	0	0	0
68	6	0	2	2	1	1	0	"靴子 金银 - HK"			52	23	0	255	150	0	0	0	0	0	0	0	0	1	0	0	0	0
69	6	0	2	2	1	1	0	"靴子 魔法 - HK"			46	17	0	255	150	0	0	0	0	0	0	1	0	0	0	0	0	0
70	6	0	2	2	1	1	0	"靴子 火天 - HK"			46	17	0	255	150	0	0	0	0	0	0	0	0	0	0	0	1	0
71	6	0	2	2	1	1	0	"靴子 风雨 - HK"			72	27	2	255	150	0	0	0	0	0	0	0	0	0	1	0	0	0
72	6	0	2	2	1	1	0	"靴子 白虎 - HK"			62	20	0	255	150	0	0	0	0	0	0	0	0	0	0	0	0	1
73	6	0	2	2	1	1	0	"靴子 白龙"			119	57	0	88	380	97	0	0	85	0	0	0	0	0	0	0	0	1
77	6	0	2	2	1	1	0	"靴子 血龙"			129	82	2	88	360	108	17	0	85	0	0	0	0	0	0	0	0	1
98	6	0	2	2	1	1	0	"靴子 血神 DK"			140	125	0	90	380	200	33	0	0	0	0	0	3	0	0	0	0	0
99	6	0	2	2	1	1	0	"靴子 血神 DW"			140	125	0	90	380	45	13	171	0	0	0	3	0	0	0	0	0	0
100	6	0	2	2	1	1	0	"靴子 血神 Elf"			140	125	0	90	380	14	31	127	0	0	0	0	0	3	0	0	0	0
101	6	0	2	2	1	1	0	"靴子 血神 SUM"			140	125	0	90	380	56	19	157	0	0	0	0	0	0	0	0	3	0
102	6	0	2	2	1	1	0	"靴子 血神 MG"			140	125	0	90	380	48	17	142	0	0	0	0	0	0	3	0	0	0
103	6	0	2	2	1	1	0	"靴子 血神 DL"			140	125	0	90	380	112	22	0	0	0	0	0	0	0	0	3	0	0
104	6	0	2	2	1	1	0	"靴子 血神 RF"			119	125	2	88	380	108	17	0	85	0	0	0	0	0	0	0	0	1
106	6	0	2	2	1	1	0	"靴子 黑神 DK"			140	130	0	90	380	200	33	0	0	0	0	0	3	0	0	0	0	0
107	6	0	2	2	1	1	0	"靴子 黑神 DW"			140	130	0	90	380	45	13	171	0	0	0	3	0	0	0	0	0	0
108	6	0	2	2	1	1	0	"靴子 黑神 Elf"			140	130	0	90	380	14	31	127	0	0	0	0	0	3	0	0	0	0
109	6	0	2	2	1	1	0	"靴子 黑神 SUM"			140	130	0	90	380	56	19	157	0	0	0	0	0	0	0	0	3	0
110	6	0	2	2	1	1	0	"靴子 黑神 MG"			140	130	0	90	380	48	17	142	0	0	0	0	0	0	3	0	0	0
111	6	0	2	2	1	1	0	"靴子 黑神 DL"			140	130	0	90	380	112	22	0	0	0	0	0	0	0	0	3	0	0
112	6	0	2	2	1	1	0	"靴子 黑神 RF"			119	130	2	88	380	108	17	0	85	0	0	0	0	0	0	0	0	1
138	6	0	2	2	1	1	0	"靴子 圣神 DK"			140	135	0	90	380	200	33	0	0	0	0	0	3	0	0	0	0	0
139	6	0	2	2	1	1	0	"靴子 圣神 DW"			140	135	0	90	380	45	13	171	0	0	0	3	0	0	0	0	0	0
140	6	0	2	2	1	1	0	"靴子 圣神 Elf"			140	135	0	90	380	14	31	127	0	0	0	0	0	3	0	0	0	0
141	6	0	2	2	1	1	0	"靴子 圣神 SUM"			140	135	0	90	380	56	19	157	0	0	0	0	0	0	0	0	3	0
142	6	0	2	2	1	1	0	"靴子 圣神 MG"			140	135	0	90	380	48	17	142	0	0	0	0	0	0	3	0	0	0
143	6	0	2	2	1	1	0	"靴子 圣神 DL"			140	135	0	90	380	112	22	0	0	0	0	0	0	0	0	3	0	0
144	6	0	2	2	1	1	0	"靴子 圣神 RF"			119	135	2	88	380	108	17	0	85	0	0	0	0	0	0	0	0	1
150	6	0	2	2	1	1	0	"靴子 觉醒 DK"			140	140	0	90	380	200	33	0	0	0	0	0	3	0	0	0	0	0
151	6	0	2	2	1	1	0	"靴子 觉醒 DW"			140	140	0	90	380	45	13	171	0	0	0	3	0	0	0	0	0	0
152	6	0	2	2	1	1	0	"靴子 觉醒 Elf"			140	140	0	90	380	14	31	127	0	0	0	0	0	3	0	0	0	0
153	6	0	2	2	1	1	0	"靴子 觉醒 SUM"			140	140	0	90	380	56	19	157	0	0	0	0	0	0	0	0	3	0
154	6	0	2	2	1	1	0	"靴子 觉醒 MG"			140	140	0	90	380	48	17	142	0	0	0	0	0	0	3	0	0	0
155	6	0	2	2	1	1	0	"靴子 觉醒 DL"			140	140	0	90	380	112	22	0	0	0	0	0	0	0	0	3	0	0
156	6	0	2	2	1	1	0	"靴子 觉醒 RF"			119	140	2	88	380	108	17	0	85	0	0	0	0	0	0	0	0	1
164	6	0	2	2	1	1	0	"靴子 蓝眼 DK"			140	150	0	90	380	200	33	0	0	0	0	0	3	0	0	0	0	0
165	6	0	2	2	1	1	0	"靴子 蓝眼 DW"			140	150	0	90	380	45	13	171	0	0	0	3	0	0	0	0	0	0
166	6	0	2	2	1	1	0	"靴子 蓝眼 Elf"			140	150	0	90	380	14	31	127	0	0	0	0	0	3	0	0	0	0
167	6	0	2	2	1	1	0	"靴子 蓝眼 SUM"			140	150	0	90	380	56	19	157	0	0	0	0	0	0	0	0	3	0
168	6	0	2	2	1	1	0	"靴子 蓝眼 MG"			140	150	0	90	380	48	17	142	0	0	0	0	0	0	3	0	0	0
169	6	0	2	2	1	1	0	"靴子 蓝眼 DL"			140	150	0	90	380	112	22	0	0	0	0	0	0	0	0	3	0	0
170	6	0	2	2	1	1	0	"靴子 蓝眼 RF"			119	150	2	88	380	108	17	0	85	0	0	0	0	0	0	0	0	1
189	6	0	2	2	1	1	0	"靴子 银心 DK"			142	160	0	90	380	200	33	0	0	0	0	0	3	0	0	0	0	0
190	6	0	2	2	1	1	0	"靴子 银心 DW"			142	160	0	90	380	45	13	171	0	0	0	3	0	0	0	0	0	0
191	6	0	2	2	1	1	0	"靴子 银心 Elf"			142	160	0	90	380	14	31	127	0	0	0	0	0	3	0	0	0	0
192	6	0	2	2	1	1	0	"靴子 银心 SUM"			142	160	0	90	380	56	19	157	0	0	0	0	0	0	0	0	3	0
193	6	0	2	2	1	1	0	"靴子 银心 MG"			142	160	0	90	380	48	17	142	0	0	0	0	0	0	3	0	0	0
194	6	0	2	2	1	1	0	"靴子 银心 DL"			142	160	0	90	380	112	22	0	0	0	0	0	0	0	0	3	0	0
195	6	0	2	2	1	1	0	"靴子 银心 RF"			121	160	2	88	380	108	17	0	85	0	0	0	0	0	0	0	0	1
end

//Index	Slot	Skill	X	Y	Serial	Option	Drop	Name			level	Defense	Dur	ReqLvl	ReqEne	ReqStr	ReqDex	ReqLead BuyMoney	DW/SM	DK/BK	ELF/ME	MG	DL SUM	RF
12
0	7	0	3	2	1	1	0	"仙女之翼"			100	10	200	180	0	0	0	0	0	0	0	1	0	0	0	0
1	7	0	4	3	1	1	0	"天堂之翼"			100	10	200	180	0	0	0	0	0	1	0	0	1	0	0	0
2	7	0	4	2	1	1	0	"鬼翼"			100	20	200	180	0	0	0	0	0	0	1	0	1	0	0	0
3	7	0	4	3	1	1	0	"精神之翼"			150	30	200	215	0	0	0	0	0	0	0	2	0	0	0	0
4	7	0	4	3	1	1	0	"灵魂之翼"			150	30	200	215	0	0	0	0	0	2	0	0	0	0	0	0
5	7	0	3	3	1	1	0	"龙翼"			150	45	200	215	0	0	0	0	0	0	2	0	0	0	0	0
6	7	0	4	2	1	1	0	"暗夜之翼"			150	40	200	215	0	0	0	0	0	0	0	0	1	0	0	0
7	-1	0	1	1	1	1	0	"旋斩宝石"			47	0	0	80	0	0	0	0	29000	0	1	0	1	0	0	0
8	-1	0	1	1	1	1	0	"回血宝石"			8	0	0	0	100	0	0	0	800	0	0	1	0	0	0	0
9	-1	0	1	1	1	1	0	"增加防御宝石"			13	0	0	0	100	0	0	0	3000	0	0	1	0	0	0	0
10	-1	0	1	1	1	1	0	"增加攻击宝石"			18	0	0	0	100	0	0	0	7000	0	0	1	0	0	0	0
11	-1	0	1	1	1	1	0	"召唤宝石"			3	0	0	0	0	0	0	0	150	0	0	1	0	0	0	0
12	-1	0	1	1	1	1	0	"地震宝石"			78	0	0	170	0	0	0	0	150000	0	2	0	0	0	0	0
13	-1	0	1	1	1	1	0	"旋刺宝石"			20	0	0	28	0	0	0	0	10000	0	1	0	1	0	0	0
14	-1	0	1	1	1	1	0	"增加血量宝石"			60	0	0	120	0	0	0	0	43000	0	1	0	0	0	0	0
15	-1	0	1	1	1	1	0	"原石"			12	0	0	0	0	0	0	0	0	1	1	1	1	1	0	0
16	-1	0	1	1	1	1	0	"火斩宝石"			60	0	0	0	0	320	0	0	51000	0	0	0	1	0	0	0
17	-1	0	1	1	1	1	0	"穿透箭宝石"			64	0	0	130	0	0	0	0	72000	0	0	1	0	0	0	0
18	-1	0	1	1	1	1	0	"冰箭宝石"			81	0	0	0	0	0	258	0	195000	0	0	2	0	0	0	0
19	-1	0	1	1	1	1	0	"风刺宝石"			72	0	0	160	0	0	0	0	85000	0	2	0	0	0	0	0
21	-1	0	1	2	1	1	0	"火龙锁链"			74	0	0	0	20	0	0	0	115000	0	0	0	0	1	0	0
22	-1	0	1	2	1	1	0	"召唤队员"			98	0	0	0	34	0	0	400	375000	0	0	0	0	1	0	0
23	-1	0	1	2	1	1	0	"增伤枪"			82	0	0	0	25	0	0	300	220000	0	0	0	0	1	0	0
24	-1	0	1	2	1	1	0	"能量聚集"			92	0	0	0	29	0	0	340	295000	0	0	0	0	1	0	0
26	-1	0	1	1	1	1	0	"神秘挑战书"			0	0	0	0	0	0	0	0	0	1	1	1	1	1	1	0
30	-1	0	1	1	1	1	0	"愿望宝石组"			25	0	0	0	0	0	0	0	0	1	1	1	1	1	1	0
31	-1	0	1	1	1	1	0	"灵魂宝石组"			30	0	0	0	0	0	0	0	0	1	1	1	1	1	1	0
32	-1	0	1	1	1	1	0	"(箱) 龙武器盒"				0	0	0	0	0	0	0	0	0	1	1	1	1	1	1	0
33	-1	0	1	1	1	1	0	"(箱) 首饰盒"					0	0	0	0	0	0	0	0	0	1	1	1	1	1	1	0
34	-1	0	1	1	1	1	0	"(Box) 羽毛"					0	0	0	0	0	0	0	0	0	1	1	1	1	1	1	0
35	-1	0	1	2	1	1	0	"火音书"					102	0	0	0	32	0	0	70	300000	0	0	0	0	1	0	0

36	7	0	4	3	1	1	0	"狂风之翼"			0	60	220	300	0	0	0	0	0	0	3	0	0	0	0	0
37	7	0	4	3	1	1	0	"天使之翼"			0	45	220	300	0	0	0	0	0	3	0	0	0	0	0	0
38	7	0	4	3	1	1	0	"五色之翼"			0	45	220	300	0	0	0	0	0	0	0	3	0	0	0	0
39	7	0	4	3	1	1	0	"雷雨之翼"			0	55	220	300	0	0	0	0	0	0	0	0	3	0	0	0
40	7	0	2	3	1	1	0	"帝王披风"			0	45	220	300	0	0	0	0	0	0	0	0	0	3	0	0
41	7	0	4	2	1	1	0	"羽灵之翼"			100	10	200	180	0	0	0	0	0	0	0	0	0	0	1	0
42	7	0	4	3	1	1	0	"火花天翼"			0	30	200	215	0	0	0	0	0	0	0	0	0	0	2	0
43	7	0	4	3	1	1	0	"凤凰之翼"			0	45	220	300	0	0	0	0	0	0	0	0	0	0	3	0
44	-1	0	1	1	1	1	0	"冰斩宝石"			100	0	0	220	0	0	0	0	380000	0	2	0	0	0	0	0
45	-1	0	1	1	1	1	0	"连射宝石"			100	0	0	220	0	0	0	0	380000	0	0	2	0	0	0	0
46	-1	0	1	1	1	1	0	"回SD宝石"			100	0	0	220	37	0	0	0	250000	0	0	2	0	0	0	0
47	-1	0	1	1	1	1	0	"火剑宝石"			100	0	0	220	0	0	0	0	380000	0	0	0	1	0	0	0
48	-1	0	1	2	1	1	0	"书 幽灵"			100	0	0	220	16	0	0	0	380000	0	0	0	0	1	0	0
49	7	0	2	3	1	1	0	"战士披风"			180	15	200	180	0	0	0	0	0	0	0	0	0	0	0	1
50	7	0	2	3	1	1	0	"威权披风"			0	45	220	300	0	0	0	0	0	0	0	0	0	0	0	3
60	-1	0	1	1	1	1	0	"火徽章"			150	0	0	0	0	0	0	0	500000	1	1	1	1	1	1	1
61	-1	0	1	1	1	1	0	"水徽章"			150	0	0	0	0	0	0	0	500000	1	1	1	1	1	1	1
62	-1	0	1	1	1	1	0	"冰徽章"			150	0	0	0	0	0	0	0	500000	1	1	1	1	1	1	1
63	-1	0	1	1	1	1	0	"风徽章"			150	0	0	0	0	0	0	0	500000	1	1	1	1	1	1	1
64	-1	0	1	1	1	1	0	"雷徽章"			150	0	0	0	0	0	0	0	500000	1	1	1	1	1	1	1
65	-1	0	1	1	1	1	0	"地徽章"			150	0	0	0	0	0	0	0	500000	1	1	1	1	1	1	1
70	-1	0	1	1	1	1	0	"模具 (1级)"			102	0	0	0	0	0	0	0	100000	1	1	1	1	1	1	1
71	-1	0	1	1	1	1	0	"模具 (2级)"			122	0	0	0	0	0	0	0	150000	1	1	1	1	1	1	1
72	-1	0	1	1	1	1	0	"模具 (3级)"			132	0	0	0	0	0	0	0	200000	1	1	1	1	1	1	1
73	-1	0	1	1	1	1	0	"模具 (4级)"			142	0	0	0	0	0	0	0	250000	1	1	1	1	1	1	1
74	-1	0	1	1	1	1	0	"模具 (5级)"			152	0	0	0	0	0	0	0	300000	1	1	1	1	1	1	1
100	-1	0	1	1	1	1	0	"火之元素"			1	0	0	0	0	0	0	0	1050000	1	1	1	1	1	1	1
101	-1	0	1	1	1	1	0	"水之元素"			1	0	0	0	0	0	0	0	1050000	1	1	1	1	1	1	1
102	-1	0	1	1	1	1	0	"冰之元素"			1	0	0	0	0	0	0	0	1050000	1	1	1	1	1	1	1
103	-1	0	1	1	1	1	0	"风之元素"			1	0	0	0	0	0	0	0	1050000	1	1	1	1	1	1	1
104	-1	0	1	1	1	1	0	"雷之元素"			1	0	0	0	0	0	0	0	1050000	1	1	1	1	1	1	1
105	-1	0	1	1	1	1	0	"地之元素"			1	0	0	0	0	0	0	0	1050000	1	1	1	1	1	1	1
106	-1	0	1	1	1	1	0	"火之元素"			2	0	0	0	0	0	0	0	1125000	1	1	1	1	1	1	1
107	-1	0	1	1	1	1	0	"水之元素"			2	0	0	0	0	0	0	0	1125000	1	1	1	1	1	1	1
108	-1	0	1	1	1	1	0	"冰之元素"			2	0	0	0	0	0	0	0	1125000	1	1	1	1	1	1	1
109	-1	0	1	1	1	1	0	"风之元素"			2	0	0	0	0	0	0	0	1125000	1	1	1	1	1	1	1
110	-1	0	1	1	1	1	0	"雷之元素"			2	0	0	0	0	0	0	0	1125000	1	1	1	1	1	1	1
111	-1	0	1	1	1	1	0	"地之元素"			2	0	0	0	0	0	0	0	1125000	1	1	1	1	1	1	1
112	-1	0	1	1	1	1	0	"火之元素"			3	0	0	0	0	0	0	0	1200000	1	1	1	1	1	1	1
113	-1	0	1	1	1	1	0	"水之元素"			3	0	0	0	0	0	0	0	1200000	1	1	1	1	1	1	1
114	-1	0	1	1	1	1	0	"冰之元素"			3	0	0	0	0	0	0	0	1200000	1	1	1	1	1	1	1
115	-1	0	1	1	1	1	0	"风之元素"			3	0	0	0	0	0	0	0	1200000	1	1	1	1	1	1	1
116	-1	0	1	1	1	1	0	"雷之元素"			3	0	0	0	0	0	0	0	1200000	1	1	1	1	1	1	1
117	-1	0	1	1	1	1	0	"地之元素"			3	0	0	0	0	0	0	0	1200000	1	1	1	1	1	1	1
118	-1	0	1	1	1	1	0	"火之元素"			4	0	0	0	0	0	0	0	1275000	0	0	0	0	0	0	0
119	-1	0	1	1	1	1	0	"水之元素"			4	0	0	0	0	0	0	0	1275000	0	0	0	0	0	0	0
120	-1	0	1	1	1	1	0	"冰之元素"			4	0	0	0	0	0	0	0	1275000	0	0	0	0	0	0	0
121	-1	0	1	1	1	1	0	"风之元素"			4	0	0	0	0	0	0	0	1275000	0	0	0	0	0	0	0
122	-1	0	1	1	1	1	0	"雷之元素"			4	0	0	0	0	0	0	0	1275000	0	0	0	0	0	0	0
123	-1	0	1	1	1	1	0	"地之元素"			4	0	0	0	0	0	0	0	1275000	0	0	0	0	0	0	0
124	-1	0	1	1	1	1	0	"火之元素"			5	0	0	0	0	0	0	0	1350000	0	0	0	0	0	0	0
125	-1	0	1	1	1	1	0	"水之元素"			5	0	0	0	0	0	0	0	1350000	0	0	0	0	0	0	0
126	-1	0	1	1	1	1	0	"冰之元素"			5	0	0	0	0	0	0	0	1350000	0	0	0	0	0	0	0
127	-1	0	1	1	1	1	0	"风之元素"			5	0	0	0	0	0	0	0	1350000	0	0	0	0	0	0	0
128	-1	0	1	1	1	1	0	"雷之元素"			5	0	0	0	0	0	0	0	1350000	0	0	0	0	0	0	0
129	-1	0	1	1	1	1	0	"地之元素"			5	0	0	0	0	0	0	0	1350000	0	0	0	0	0	0	0
130	7	0	2	2	1	1	0	"领主小披风"			1	0	200	1	0	0	0	0	0	0	0	0	0	1	0	0
131	7	0	3	2	1	1	0	"小孤独之翼"			1	10	200	1	0	0	0	0	0	0	0	0	0	0	1	0
132	7	0	3	2	1	1	0	"小仙女之翼"			1	10	200	1	0	0	0	0	0	0	0	1	0	0	0	0
133	7	0	3	2	1	1	0	"小天国之翼"			1	10	200	1	0	0	0	0	0	1	0	0	1	0	0	0
134	7	0	3	2	1	1	0	"小鬼翼"			1	20	200	1	0	0	0	0	0	0	1	0	1	0	0	0
135	7	0	2	2	1	1	0	"RF小披风"			1	15	200	0	0	0	0	0	0	0	0	0	0	0	0	1
136	-1	0	1	1	1	1	0	"生命宝石组"			72	0	0	0	0	0	0	0	0	1	1	1	1	1	1	1
137	-1	0	1	1	1	1	0	"创造宝石组"			78	0	0	0	0	0	0	0	0	1	1	1	1	1	1	1
138	-1	0	1	1	1	1	0	"生命之石组"			75	0	0	0	0	0	0	0	0	1	1	1	1	1	1	1
139	-1	0	1	1	1	1	0	"原始之石组"			25	0	0	0	0	0	0	0	0	1	1	1	1	1	1	1
140	-1	0	1	1	1	1	0	"造化之石组"			25	0	0	0	0	0	0	0	0	1	1	1	1	1	1	1
141	-1	0	1	1	1	1	0	"原石组"			12	0	0	0	0	0	0	0	0	1	1	1	1	1	1	1
142	-1	0	1	1	1	1	0	"精炼石组 1"			25	0	0	0	0	0	0	0	0	1	1	1	1	1	1	1
143	-1	0	1	1	1	1	0	"精炼石组 2"			25	0	0	0	0	0	0	0	0	1	1	1	1	1	1	1
150	7	0	4	3	1	1	0	"混沌之翼 (2.5)"			149	46	210	290	0	0	0	0	0	0	2	0	1	0	0	0
151	7	0	4	3	1	1	0	"魔法翅膀 (2.5)"			149	37	210	290	0	0	0	0	0	2	0	0	1	0	2	0
152	7	0	4	3	1	1	0	"火神翅膀 (2.5)"			149	37	210	290	0	0	0	0	0	0	0	2	0	0	0	0
153	7	0	3	3	1	1	0	"征服之翼"			149	200	220	280	0	0	0	0	0	1	1	1	1	1	1	1
154	7	0	2	3	1	1	0	"天使恶魔之翼"			149	160	220	350	0	0	0	0	0	1	1	1	1	1	1	1
155	7	0	2	3	1	1	0	"死神披风 (2.5"			149	27	210	290	0	0	0	0	0	0	0	0	0	1	0	1
156	7	0	4	3	1	1	0	"4级翅膀 - DW"			150	40	215	215	0	0	0	0	0	3	0	0	0	0	0	0
157	7	0	4	3	1	1	0	"4级翅膀 - DK"			150	55	215	215	0	0	0	0	0	0	3	0	0	0	0	0
158	7	0	4	3	1	1	0	"4级翅膀 - EF"			150	40	215	215	0	0	0	0	0	0	0	3	0	0	0	0
159	7	0	4	3	1	1	0	"4级翅膀 - MG"			150	50	215	215	0	0	0	0	0	0	0	0	3	0	0	0
160	7	0	2	3	1	1	0	"4级翅膀 - DL"			150	25	215	215	0	0	0	0	0	0	0	0	0	3	0	0
161	7	0	4	3	1	1	0	"4级翅膀 - SU"			150	40	215	215	0	0	0	0	0	0	0	0	0	0	3	0
162	7	0	2	3	1	1	0	"4级翅膀 - RF"			150	25	215	215	0	0	0	0	0	0	0	0	0	0	0	3
end

//Index	Slot	Skill	X	Y	Serial	Option	Drop	Name			level			Dur	Resistance1	Resistance2	Resistance3	Resistance4	Resistance5 Resistance6	Resistance7	SetAttr	DW/SM	DK/BK	ELF/ME	MG	DL SUM	RF
13
0	8	0	1	1	1	1	0	"生命之绳"			23	255	0	0	0	0	0	0	0	0	1	1	1	1	1	1	1
1	8	0	1	1	1	1	0	"小鬼"			28	255	0	0	0	0	0	0	0	0	1	1	1	1	1	1	1
2	8	0	1	1	1	1	0	"独角兽"			25	255	0	0	0	0	0	0	0	0	1	1	1	1	1	1	1
3	8	49	1	1	1	1	0	"怪鸟"			110	255	0	0	0	0	0	0	0	0	1	1	1	1	1	1	1
4	8	62	1	1	1	1	0	"战马"			218	255	0	0	0	0	0	0	0	0	0	0	0	0	1	0	0
5	1	0	1	1	1	1	0	"精华果"			0	255	0	0	0	0	0	0	0	0	1	1	1	1	1	0	0
7	-1	0	1	1	1	1	0	"鬼卷轴"			0	255	0	0	0	0	0	0	0	0	1	1	1	1	1	1	1
8	10	0	1	1	1	1	0	"冰戒指"			20	50	1	0	0	0	0	0	0	2	1	1	1	1	1	1	1
9	10	0	1	1	1	1	0	"毒戒指"			17	50	0	1	0	0	0	0	0	4	1	1	1	1	1	1	1
10	10	0	1	1	1	1	0	"变身戒指"			0	200	0	0	0	0	0	0	0	0	1	1	1	1	1	1	1
11	-1	0	1	1	1	1	0	"召集令"			0	255	0	0	0	0	0	0	0	0	1	1	1	1	1	1	1
12	9	0	1	1	1	1	0	"雷项链"			21	50	0	0	1	0	0	0	0	3	1	1	1	1	1	1	1
13	9	0	1	1	1	1	0	"火项链"			13	50	0	0	0	1	0	0	0	1	1	1	1	1	1	1	1
14	-1	0	1	2	1	1	0	"羽毛"			78	0	0	0	0	0	0	0	0	0	1	1	1	1	1	1	1
15	-1	0	1	1	1	1	0	"法水"			0	0	0	0	0	0	0	0	0	0	1	1	1	1	1	1	1
16	-1	0	1	2	1	1	0	"圣旨"			0	128	0	0	0	0	0	0	0	0	1	1	1	1	1	1	1
17	-1	0	1	2	1	1	0	"血牙"			0	128	0	0	0	0	0	0	0	0	1	1	1	1	1	1	1
18	-1	0	2	2	1	1	0	"盔甲 隐形"			0	255	0	0	0	0	0	0	0	0	1	1	1	1	1	1	1
19	-1	0	1	2	1	1	0	"天使杖"			0	255	0	0	0	0	0	0	0	0	1	1	1	1	1	1	1
20	10	0	1	1	1	1	0	"巫师戒指"			0	30	0	0	0	0	0	0	0	0	1	1	1	1	1	1	1
21	10	0	1	1	1	1	0	"火戒指"			30	50	0	0	0	1	0	0	0	3	1	1	1	1	1	1	1
22	10	0	1	1	1	1	0	"地戒指"			38	50	0	0	0	0	1	0	0	1	1	1	1	1	1	1	1
23	10	0	1	1	1	1	0	"风戒指"			44	50	0	0	0	0	0	1	0	2	1	1	1	1	1	1	1
24	10	0	1	1	1	1	0	"魔法戒指"			47	50	0	0	0	0	0	0	0	3	1	1	1	1	1	1	1
25	9	0	1	1	1	1	0	"冰项链"			34	50	1	0	0	0	0	0	0	1	1	1	1	1	1	1	1
26	9	0	1	1	1	1	0	"风项链"			42	50	0	0	0	0	0	1	0	2	1	1	1	1	1	1	1
27	9	0	1	1	1	1	0	"水项链"			46	50	0	0	0	0	0	0	1	4	1	1	1	1	1	1	1
28	9	0	1	1	1	1	0	"技能项链"			50	50	0	0	0	0	0	0	0	0	1	1	1	1	1	1	1
29	-1	0	2	2	1	1	0	"原甲"			0	0	0	0	0	0	0	0	0	0	1	1	1	1	1	1	1
30	7	0	2	3	1	1	0	"国王披风"			180	200	0	0	0	0	0	0	0	0	0	0	0	0	1	0	0
31	-1	0	1	1	1	1	0	"宠物之魂"			0	0	0	0	0	0	0	0	0	0	0	0	0	0	1	0	0
32	-1	0	1	1	1	1	0	"护甲碎片甲"			0	1	0	0	0	0	0	0	0	0	1	1	1	1	1	1	1
33	-1	0	1	1	1	1	0	"女神保护"			0	1	0	0	0	0	0	0	0	0	1	1	1	1	1	1	1
34	-1	0	1	1	1	1	0	"狼牙"			0	1	0	0	0	0	0	0	0	0	1	1	1	1	1	1	1
35	-1	0	1	1	1	1	0	"角碎片"			0	1	0	0	0	0	0	0	0	0	1	1	1	1	1	1	1
36	-1	0	2	2	1	1	0	"断角"			0	1	0	0	0	0	0	0	0	0	1	1	1	1	1	1	1
37	8	0	2	2	1	1	0	"狼精之魂"			300	255	0	0	0	0	0	0	0	0	2	2	2	1	1	2	1
38	10	0	1	1	1	1	0	"月亮戒指"			21	120	0	0	0	0	0	0	0	3	1	1	1	1	1	1	1
39	10	0	1	1	1	1	0	"鬼骨戒指"			10	255	0	0	0	0	0	0	0	0	1	1	1	1	1	1	1
40	10	0	1	1	1	1	0	"杰克戒指"			10	100	0	0	0	0	0	0	0	0	1	1	1	1	1	1	1
41	10	0	1	1	1	1	0	"圣诞戒指"			1	100	0	0	0	0	0	0	0	0	1	1	1	1	1	1	1
42	10	0	1	1	1	1	0	"GM戒指"			0	255	255	255	255	255	255	255	255	0	1	1	1	1	1	1	1
43	10	0	1	1	1	1	0	"增加经验符"			0	0	0	0	0	0	0	0	0	0	1	1	1	1	1	1	1
44	10	0	1	1	1	1	0	"天使符"			0	0	0	0	0	0	0	0	0	0	1	1	1	1	1	1	1
45	10	0	1	1	1	1	0	"不增加经验"			0	0	0	0	0	0	0	0	0	0	1	1	1	1	1	1	1
46	-1	0	1	1	1	1	0	"恶魔广场门票"			0	10	0	0	0	0	0	0	0	0	1	1	1	1	1	1	1
47	-1	0	1	1	1	1	0	"血堡门票"			0	10	0	0	0	0	0	0	0	0	1	1	1	1	1	1	1
48	-1	0	1	1	1	1	0	"票 Kalima"			0	10	0	0	0	0	0	0	0	0	1	1	1	1	1	1	1
49	-1	0	1	1	1	1	0	"法卷轴"			0	0	0	0	0	0	0	0	0	0	1	1	1	1	1	1	1
50	-1	0	1	2	1	1	0	"圣水"			0	0	0	0	0	0	0	0	0	0	1	1	1	1	1	1	1
51	-1	0	2	2	1	1	0	"白龙殿门票"			0	1	0	0	0	0	0	0	0	0	1	1	1	1	1	1	1
52	-1	0	1	2	1	1	0	"神鹰之魂"			0	0	0	0	0	0	0	0	0	0	1	1	1	1	1	1	1
53	-1	0	1	2	1	1	0	"神鹰羽毛"			0	0	0	0	0	0	0	0	0	0	1	1	1	1	1	1	1
54	-1	0	1	1	1	1	0	"重置力量"			0	100	0	0	0	0	0	0	0	0	1	1	1	1	1	1	1
55	-1	0	1	1	1	1	0	"重置敏捷"			0	100	0	0	0	0	0	0	0	0	1	1	1	1	1	1	1
56	-1	0	1	1	1	1	0	"重置体力"			0	100	0	0	0	0	0	0	0	0	1	1	1	1	1	1	1
57	-1	0	1	1	1	1	0	"重置能量"			0	100	0	0	0	0	0	0	0	0	1	1	1	1	1	1	1
58	-1	0	1	1	1	1	0	"重置命令"			0	100	0	0	0	0	0	0	0	0	1	1	1	1	1	1	1
59	-1	0	1	1	1	1	0	"传送券"			0	0	0	0	0	0	0	0	0	0	1	1	1	1	1	1	1
60	-1	0	1	2	1	1	0	"忏悔符"			0	0	0	0	0	0	0	0	0	0	1	1	1	1	1	1	1
61	-1	0	1	1	1	1	0	"白龙殿门票"			0	10	0	0	0	0	0	0	0	0	1	1	1	1	1	1	1
62	-1	0	1	1	1	1	0	"护身符"			0	0	0	0	0	0	0	0	0	0	1	1	1	1	1	1	1
63	-1	0	1	1	1	1	0	"幸运护符"			0	0	0	0	0	0	0	0	0	0	1	1	1	1	1	1	1
64	8	0	1	1	1	1	0	"大鬼"			1	255	0	0	0	0	0	0	0	0	1	1	1	1	1	1	1
65	8	0	1	1	1	1	0	"女神保护"			1	255	0	0	0	0	0	0	0	0	1	1	1	1	1	1	1
66	-1	0	1	1	1	1	0	"圣诞村门票"			0	10	0	0	0	0	0	0	0	0	1	1	1	1	1	1	1
67	8	0	1	1	1	1	0	"驯鹿"			28	255	0	0	0	0	0	0	0	0	1	1	1	1	1	1	1
68	10	0	1	1	1	1	0	"雪人戒指"			10	100	0	0	0	0	0	0	0	0	1	1	1	1	1	1	1
69	-1	0	1	1	1	1	0	"复活球"			0	0	0	0	0	0	0	0	0	0	1	1	1	1	1	1	1
70	-1	0	1	1	1	1	0	"定位罗盘"			0	2	0	0	0	0	0	0	0	0	1	1	1	1	1	1	1
71	8	0	2	3	1	1	0	"剑 / 锤 / 矛"			0	255	0	0	0	0	0	0	0	0	1	1	1	1	1	1	1
72	8	0	2	3	1	1	0	"杖"			0	255	0	0	0	0	0	0	0	0	1	1	1	1	1	1	1
73	8	0	2	3	1	1	0	"弓 箭 / 弩"			0	255	0	0	0	0	0	0	0	0	1	1	1	1	1	1	1
74	8	0	2	3	1	1	0	"权杖"			0	255	0	0	0	0	0	0	0	0	1	1	1	1	1	1	1
75	8	0	2	3	1	1	0	"犬"			0	255	0	0	0	0	0	0	0	0	1	1	1	1	1	1	1
76	10	0	1	1	1	1	0	"熊猫变身戒指"			1	255	0	0	0	0	0	0	0	0	1	1	1	1	1	1	1
80	8	0	1	1	1	1	0	"熊猫"			1	255	0	0	0	0	0	0	0	0	1	1	1	1	1	1	1
81	-1	0	1	1	1	1	0	"保护符"			0	0	0	0	0	0	0	0	0	0	1	1	1	1	1	1	1
82	-1	0	1	1	1	1	0	"物品保护符"			0	0	0	0	0	0	0	0	0	0	1	1	1	1	1	1	1
83	-1	0	1	1	1	1	0	"鬼翼符"			0	0	0	0	0	0	0	0	0	0	1	1	1	1	1	1	1
84	-1	0	1	1	1	1	0	"天堂翼符"			0	0	0	0	0	0	0	0	0	0	1	1	1	1	1	1	1
85	-1	0	1	1	1	1	0	"仙女翼符"			0	0	0	0	0	0	0	0	0	0	1	1	1	1	1	1	1
86	-1	0	1	1	1	1	0	"羽灵翼符"			0	0	0	0	0	0	0	0	0	0	1	1	1	1	1	1	1
87	-1	0	1	1	1	1	0	"护甲护符"			0	0	0	0	0	0	0	0	0	0	1	1	1	1	1	1	1
88	-1	0	1	1	1	1	0	"龙翼符"			0	0	0	0	0	0	0	0	0	0	1	1	1	1	1	1	1
89	-1	0	1	1	1	1	0	"灵魂之翼符"			0	0	0	0	0	0	0	0	0	0	1	1	1	1	1	1	1
90	-1	0	1	1	1	1	0	"精神之翼符"			0	0	0	0	0	0	0	0	0	0	1	1	1	1	1	1	1
91	-1	0	1	1	1	1	0	"鹰翼符"			0	0	0	0	0	0	0	0	0	0	1	1	1	1	1	1	1
92	-1	0	1	1	1	1	0	"暗夜之翼符"			0	0	0	0	0	0	0	0	0	0	1	1	1	1	1	1	1
93	-1	0	1	1	1	1	0	"增加大师经验符"			0	0	0	0	0	0	0	0	0	0	1	1	1	1	1	1	1
94	-1	0	1	1	1	1	0	"天使符 - 大师"			0	0	0	0	0	0	0	0	0	0	1	1	1	1	1	1	1
95	-1	0	1	1	1	1	0	"荣誉战士"			0	255	0	0	0	0	0	0	0	0	1	1	1	1	1	1	1
96	-1	0	1	1	1	1	0	"张力之力"			0	0	0	0	0	0	0	0	0	0	1	1	1	1	1	1	1
103	-1	0	1	1	1	1	0	"队伍经验"			0	0	0	0	0	0	0	0	0	0	1	1	1	1	1	1	1
104	-1	0	1	1	1	1	0	"增加最大AG"			0	0	0	0	0	0	0	0	0	0	1	1	1	1	1	1	1
105	-1	0	1	1	1	1	0	"增加最大SD"			0	0	0	0	0	0	0	0	0	0	1	1	1	1	1	1	1
106	8	0	1	1	1	1	0	"神马"			28	255	0	0	0	0	0	0	0	0	1	1	1	1	1	1	1
107	10	0	1	1	1	1	0	"魔法戒指"			0	100	0	0	0	0	0	0	0	0	1	1	1	1	1	1	1
109	10	0	1	1	1	1	0	"碧玉戒指"			0	0	0	0	0	0	0	0	0	0	1	1	1	1	1	1	1
110	10	0	1	1	1	1	0	"红玉戒指"			0	0	0	0	0	0	0	0	0	0	1	1	1	1	1	1	1
111	10	0	1	1	1	1	0	"黄玉戒指"			0	0	0	0	0	0	0	0	0	0	1	1	1	1	1	1	1
112	10	0	1	1	1	1	0	"紫水晶戒指"			0	0	0	0	0	0	0	0	0	0	1	1	1	1	1	1	1
113	9	0	1	1	1	1	0	"红玉项链"			0	0	0	0	0	0	0	0	0	0	1	1	1	1	1	1	1
114	9	0	1	1	1	1	0	"绿翠项链"			0	0	0	0	0	0	0	0	0	0	1	1	1	1	1	1	1
115	9	0	1	1	1	1	0	"碧玉项链"			0	0	0	0	0	0	0	0	0	0	1	1	1	1	1	1	1
116	10	0	1	1	1	1	0	"Seal Of Wealth"			0	0	0	0	0	0	0	0	0	0	1	1	1	1	1	1	1
117	-1	0	1	1	1	1	0	"小蓝瓶"			0	0	0	0	0	0	0	0	0	0	1	1	1	1	1	1	1
118	-1	0	1	1	1	1	0	"小血瓶"			0	0	0	0	0	0	0	0	0	0	1	1	1	1	1	1	1
119	-1	0	1	1	1	1	0	"中蓝瓶"			0	0	0	0	0	0	0	0	0	0	1	1	1	1	1	1	1
120	-1	0	1	1	1	1	0	"大血瓶"			0	0	0	0	0	0	0	0	0	0	1	1	1	1	1	1	1
121	0	0	1	1	1	1	0	"混沌楼门票"			25964	10	0	0	0	0	0	0	0	0	1	1	1	1	1	1	1
122	10	0	1	1	1	1	0	"龙骨戒指"			1	255	0	0	0	0	0	0	0	0	1	1	1	1	1	1	1
123	8	0	1	1	1	1	0	"龙骨"			1	255	0	0	0	0	0	0	0	0	1	1	1	1	1	1	1
124	-1	0	1	1	1	1	0	"VIP PACK"			0	0	0	0	0	0	0	0	0	0	1	1	1	1	1	1	1
125	0	0	1	1	1	1	0	"多普尔入场券"			29285	10	0	0	0	0	0	0	0	0	1	1	1	1	1	1	1
126	-1	0	1	1	1	1	0	"巴鲁克入场券"			0	10	0	0	0	0	0	0	0	0	1	1	1	1	1	1	1
127	-1	0	1	1	1	1	0	"巴鲁克7层门票"			55	3	0	0	0	0	0	0	0	0	1	1	1	1	1	1	1
128	10	0	1	1	1	1	0	"猛将"			0	255	0	0	0	0	0	0	0	0	1	1	1	1	1	1	1
129	10	0	1	1	1	1	0	"山羊猛将"			0	255	0	0	0	0	0	0	0	0	1	1	1	1	1	1	1
130	10	0	1	1	1	1	0	"兽人符"			0	255	0	0	0	0	0	0	0	0	1	1	1	1	1	1	1
131	10	0	1	1	1	1	0	"枫叶符"			0	255	0	0	0	0	0	0	0	0	1	1	1	1	1	1	1
132	10	0	1	2	1	1	0	"黄金兽人符"			0	255	0	0	0	0	0	0	0	0	1	1	1	1	1	1	1
133	10	0	1	2	1	1	0	"黄金枫叶符"			0	255	0	0	0	0	0	0	0	0	1	1	1	1	1	1	1
134	10	0	1	1	1	1	0	"旧马蹄"			0	255	0	0	0	0	0	0	0	0	1	1	1	1	1	1	1
135	-1	0	1	1	1	1	0	"票 盔甲 黄金 1"			0	255	0	0	0	0	0	0	0	0	1	1	1	1	1	1	1
136	-1	0	1	1	1	1	0	"票 护腿 黄金 1"			0	255	0	0	0	0	0	0	0	0	1	1	1	1	1	1	1
137	-1	0	1	1	1	1	0	"票 头盔 黄金 1"			0	255	0	0	0	0	0	0	0	0	1	1	1	1	1	1	1
138	-1	0	1	1	1	1	0	"票 手套 黄金 1"			0	255	0	0	0	0	0	0	0	0	1	1	1	1	1	1	1
139	-1	0	1	1	1	1	0	"票 靴子 黄金 1"			0	255	0	0	0	0	0	0	0	0	1	1	1	1	1	1	1
140	-1	0	1	1	1	1	0	"票 盔甲 黄金 2"			0	255	0	0	0	0	0	0	0	0	1	1	1	1	1	1	1
141	-1	0	1	1	1	1	0	"票 护腿 黄金 2"			0	255	0	0	0	0	0	0	0	0	1	1	1	1	1	1	1
142	-1	0	1	1	1	1	0	"票 头盔 黄金 2"			0	255	0	0	0	0	0	0	0	0	1	1	1	1	1	1	1
143	-1	0	1	1	1	1	0	"票 手套 黄金 2"			0	255	0	0	0	0	0	0	0	0	1	1	1	1	1	1	1
144	-1	0	1	1	1	1	0	"票 靴子 黄金 2"			0	255	0	0	0	0	0	0	0	0	1	1	1	1	1	1	1

150	0	0	1	1	1	1	0	"天钢"							0				255		0			0			0	0	0	0	0	0	0	0	0	0	0	0	0
151	0	0	2	2	1	1	0	"天使锤"						0				255		0			0			0	0	0	0	0	0	0	0	0	0	0	0	0
171	0	0	1	1	1	1	0	"Muun Egg"								0				255		0			0			0	0	0	0	0	0	0	0	0	0	0	0	0
172	8	0	2	2	1	1	0	"灵魂"								300				255		0			0			0	0	0	0	0	0	2	2	2	1	1	2	1
173	8	0	2	2	1	1	0	"灵魂"								300				255		0			0			0	0	0	0	0	0	2	2	2	1	1	2	1
174	8	62	1	1	1	1	0	"战马"								218				255		0			0			0	0	0	0	0	0	0	0	0	0	1	0	0
175	8	62	1	1	1	1	0	"战马"								218				255		0			0			0	0	0	0	0	0	0	0	0	0	1	0	0

176	10	0	1	1	1	1	0	"血神戒指 (A)"					47				50		1			0			0	0	0	0	0	2	1	1	1	1	1	1	1 
177	10	0	1	1	1	1	0	"血神戒指 (B)"					47				50		1			0			0	0	0	0	0	2	1	1	1	1	1	1	1 
178	9	0	1	1	1	1	0	"血神项链"					47				50		0			0			1	0	0	0	0	3	1	1	1	1	1	1	1 
179	10	0	1	1	1	1	0	"黑神戒指 (A)"						47				50		0			1			0	0	0	0	0	4	1	1	1	1	1	1	1 
180	10	0	1	1	1	1	0	"黑神戒指 (B)"						47				50		0			1			0	0	0	0	0	4	1	1	1	1	1	1	1 
181	9	0	1	1	1	1	0	"黑神项链"					47				50		0			0			1	0	0	0	0	3	1	1	1	1	1	1	1 
182	10	0	1	1	1	1	0	"圣神戒指 (A)"					47				50		0			0			0	1	0	0	0	3	1	1	1	1	1	1	1 
183	10	0	1	1	1	1	0	"圣神戒指 (B)"					47				50		0			0			0	1	0	0	0	3	1	1	1	1	1	1	1 
184	9	0	1	1	1	1	0	"圣神项链"					47				50		1			0			0	0	0	0	0	1	1	1	1	1	1	1	1 
185	10	0	1	1	1	1	0	"觉醒戒指 (A)"					47				50		0			0			0	0	1	0	0	1	1	1	1	1	1	1	1 
186	10	0	1	1	1	1	0	"觉醒戒指 (B)"					47				50		0			0			0	0	1	0	0	1	1	1	1	1	1	1	1 
187	9	0	1	1	1	1	0	"觉醒项链"					47				50		0			0			0	0	0	1	0	2	1	1	1	1	1	1	1 
188	10	0	1	1	1	1	0	"蓝眼戒指 (A)"						47				50		0			0			0	0	0	1	0	2	1	1	1	1	1	1	1 
189	10	0	1	1	1	1	0	"蓝眼戒指 (B)"						47				50		0			0			0	0	0	1	0	2	1	1	1	1	1	1	1 
190	9	0	1	1	1	1	0	"蓝眼项链"					47				50		0			0			0	0	0	0	1	4	1	1	1	1	1	1	1 
191	10	0	1	1	1	1	0	"银心戒指 (A)"						47				50		0			0			0	0	0	0	0	3	1	1	1	1	1	1	1 
192	10	0	1	1	1	1	0	"银心戒指 (B)"						47				50		0			0			0	0	0	0	0	3	1	1	1	1	1	1	1 
193	9	0	1	1	1	1	0	"银心项链"					47				50		0			0			0	0	0	0	0	0	1	1	1	1	1	1	1 

200	8	0	1	1	1	1	0	"Desmodus"								28				255		0			0			0	0	0	0	0	0	1	1	1	1	1	1	1
201	8	0	1	1	1	1	0	"冰鸟"								28				255		0			0			0	0	0	0	0	0	1	1	1	1	1	1	1
202	8	0	1	1	1	1	0	"火鸟"								28				255		0			0			0	0	0	0	0	0	1	1	1	1	1	1	1
203	8	0	1	1	1	1	0	"神鸟"								28				255		0			0			0	0	0	0	0	0	1	1	1	1	1	1	1
255	8	0	2	2	1	1	0	"鬼马"								28				255		0			0			0	0	0	0	0	0	1	1	1	1	1	1	1
256	8	0	2	2	1	1	0	"狼魔"								28				255		0			0			0	0	0	0	0	0	1	1	1	1	1	1	1
257	8	0	2	2	1	1	0	"神马"								28				255		0			0			0	0	0	0	0	0	1	1	1	1	1	1	1
258	8	0	2	2	1	1	0	"神狼"								28				255		0			0			0	0	0	0	0	0	1	1	1	1	1	1	1
end

//Index	Slot	Skill	X	Y	Serial	Option	Drop	Name																			Value	Level
14										
0	-1	0	1	1	1	1	0	"苹果"			5	1
1	-1	0	1	1	1	1	0	"小血瓶"			10	10
2	-1	0	1	1	1	1	0	"血瓶"			20	25
3	-1	0	1	1	1	1	0	"大血瓶"			30	40
4	-1	0	1	1	1	1	0	"小法瓶"			10	10
5	-1	0	1	1	1	1	0	"法瓶"			20	25
6	-1	0	1	1	1	1	0	"大法瓶"			30	40
7	-1	0	1	1	1	1	0	"药瓶"			30	0
8	-1	0	1	1	1	1	0	"解毒药"			10	10
9	-1	0	1	2	1	1	0	"酒"			30	15
10	-1	0	1	2	1	1	0	"回城符"			30	30
11	-1	0	1	1	1	1	0	"幸运盒"			0	0
12	-1	0	1	1	1	1	0	"爱心"			0	0
13	-1	0	1	1	1	1	0	"愿望宝石"			150	25
14	-1	0	1	1	1	1	0	"灵魂宝石"			150	30
15	-1	0	1	1	1	1	0	"Zen"			0	0
16	-1	0	1	1	1	1	0	"生命宝石"			0	72
17	-1	0	1	1	1	1	0	"鬼眼"			0	1
18	-1	0	1	1	1	1	0	"鬼钥匙"			0	1
19	-1	0	1	1	1	1	0	"鬼信"			0	0
20	-1	0	1	1	1	1	0	"情酒"			0	0
21	-1	0	1	1	1	1	0	"徽章 Rena"			0	0
22	-1	0	1	1	1	1	0	"创造宝石"			0	78
23	-1	0	1	1	1	1	0	"书 帝王"			0	0
24	-1	0	1	2	1	1	0	"断剑"			0	0
25	-1	0	1	1	1	1	0	"仙女之泪"			0	0
26	-1	0	1	1	1	1	0	"巫师之魂"			0	0
28	-1	0	1	1	1	1	0	"卡利玛地图"			0	0
29	-1	0	1	1	1	1	0	"徽章 Kundun"			0	0
31	-1	0	1	1	1	1	0	"生命之石"			75	0
32	-1	0	1	1	1	1	0	"粉巧克力盒"			0	0
33	-1	0	1	1	1	1	0	"红巧克力盒"			0	0
34	-1	0	1	1	1	1	0	"蓝巧克力盒"			0	0
35	-1	0	1	1	1	1	0	"小SD瓶"			50	0
36	-1	0	1	1	1	1	0	"中SD瓶"			80	0
37	-1	0	1	1	1	1	0	"大SD瓶"			100	0
38	-1	0	1	1	1	1	0	"小药瓶"			20	68
39	-1	0	1	1	1	1	0	"中药瓶"			40	96
40	-1	0	1	1	1	1	0	"大药瓶"			60	118
41	-1	0	1	1	1	1	0	"原始之石"			150	25
42	-1	0	1	1	1	1	0	"造化之石"			150	25
43	-1	0	1	1	1	1	0	"初级精炼石"			150	25
44	-1	0	1	1	1	1	0	"高级精炼石"			150	25
45	-1	0	1	1	1	1	0	"Jack O Lantern"			0	1
46	-1	0	1	2	1	1	0	"万圣节咒语"			0	0
47	-1	0	1	2	1	1	0	"万圣节之力"			0	0
48	-1	0	1	2	1	1	0	"魔法 Halloween"			0	0
49	-1	0	1	1	1	1	0	"成长鸡腿"			0	0
50	-1	0	1	1	1	1	0	"营养液"			0	0
51	-1	0	1	1	1	1	0	"星花炮"			0	0
52	-1	0	1	1	1	1	0	"GM礼物"			0	0
53	-1	0	1	1	1	1	0	"幸运护符"			0	0
54	-1	0	1	1	1	1	0	"混沌卡牌"			0	0
55	-1	0	1	1	1	1	0	"380装备盒"			0	0
56	-1	0	1	1	1	1	0	"400装备盒"			0	0
57	-1	0	1	1	1	1	0	"宝石盒"			0	0
58	-1	0	1	1	1	1	0	"Event Ticket Loai 1"			0	0
59	-1	0	1	1	1	1	0	"Event Ticket Loai 2"			0	0
60	-1	0	1	1	1	1	0	"Event Ticket Loai 3"			0	0
61	-1	0	1	1	1	1	0	"Event Ticket Loai 4"			0	0
62	-1	0	1	1	1	1	0	"Event Ticket Loai 5"			0	0
63	-1	0	1	1	1	1	0	"烟花"			0	0
64	-1	0	1	1	1	1	0	"龙珠"			0	0
65	-1	0	1	1	1	1	0	"火蝙蝠之心"			0	0
66	-1	0	1	2	1	1	0	"鬼王角"			0	0
67	-1	0	1	2	1	1	0	"火凤凰羽毛"			0	0
68	-1	0	1	2	1	1	0	"深渊之眼"			0	0
70	-1	0	1	1	1	1	0	"高级HP瓶"			0	0
71	-1	0	1	1	1	1	0	"高级蓝瓶"			0	0
72	-1	0	2	2	1	1	0	"攻击速度符"			0	0
73	-1	0	2	2	1	1	0	"防御符"			0	0
74	-1	0	2	2	1	1	0	"增伤护符"			0	0
75	-1	0	2	2	1	1	0	"增魔护符"			0	0
76	-1	0	2	2	1	1	0	"增加HP符"			0	0
77	-1	0	2	2	1	1	0	"增加Mana符"			0	0
78	-1	0	1	2	1	1	0	"力量药"			0	0
79	-1	0	1	2	1	1	0	"敏捷药"			0	0
80	-1	0	1	2	1	1	0	"体力药"			0	0
81	-1	0	1	2	1	1	0	"能量药"			0	0
82	-1	0	1	2	1	1	0	"命令药"			0	0
83	-1	0	1	1	1	1	0	"Event Ticket 6"			0	0
84	-1	0	1	1	1	1	0	"春节礼盒"			0	0
85	-1	0	1	2	1	1	0	"春节酒"			0	0
86	-1	0	1	1	1	1	0	"年糕"			0	0
87	-1	0	1	1	1	1	0	"春节花翼"			0	0
88	-1	0	1	2	1	1	0	"白樱花"			0	0
89	-1	0	1	2	1	1	0	"粉樱花"			0	0
90	-1	0	1	2	1	1	0	"黄樱花"			0	0
91	-1	0	1	1	1	1	0	"卡牌 术士"			0	0
92	-1	0	1	1	1	1	0	"金卡牌"			0	0
93	-1	0	1	1	1	1	0	"特别卡牌"			0	0
94	-1	0	1	1	1	1	0	"普通HP瓶"			0	0
95	-1	0	1	1	1	1	0	"幸运卡牌"			0	0
96	-1	0	1	1	1	1	0	"混沌合成护符"			0	0
97	-1	0	2	2	1	1	0	"增加暴击符"			0	0
98	-1	0	2	2	1	1	0	"增加攻击符"			0	0
99	-1	0	1	1	1	1	0	"圣诞花炮"			0	0
100	-1	0	1	1	1	1	0	"幸运币"			0	0
101	-1	0	1	1	1	1	0	"注释说明"			0	32
102	-1	0	1	1	1	1	0	"盖昂的命令"			0	0
103	-1	0	1	1	1	1	0	"Sekeromikon碎片 1"			0	0
104	-1	0	1	1	1	1	0	"Sekeromikon碎片 2"			0	0
105	-1	0	1	1	1	1	0	"Sekeromikon碎片 3"			0	0
106	-1	0	1	1	1	1	0	"Sekeromikon碎片 4"			0	0
107	-1	0	1	1	1	1	0	"Sekeromikon碎片 5"			0	0
108	-1	0	1	1	1	1	0	"Sekeromikon碎片 6"			0	0
109	-1	0	1	1	1	1	0	"完成Sekeromikon"			0	0
110	-1	0	1	1	1	1	0	"多普尔标志"			0	32
111	-1	0	1	1	1	1	0	"票 Tham Gia Dopple"			0	0
112	-1	0	1	1	1	1	0	"银钥匙"			0	0
113	-1	0	1	1	1	1	0	"金钥匙"			0	0
114	-1	0	1	1	1	1	0	"重置大师技能"			0	0
115	-1	0	1	1	1	1	0	"调整属性"			0	0
116	-1	0	1	1	1	1	0	"传送标记"			0	0
117	-1	0	1	1	1	1	0	"改名标记"			0	0
118	-1	0	1	1	1	1	0	"转服"			0	0
119	-1	0	1	1	1	1	0	"特别包"			0	0
120	-1	0	1	1	1	1	0	"强化 Goblin"			0	0
121	-1	0	1	1	1	1	0	"金盒"			0	0
122	-1	0	1	1	1	1	0	"银盒"			0	0
123	-1	0	1	1	1	1	0	"金礼盒"			0	0
124	-1	0	1	1	1	1	0	"银礼盒"			0	0
125	-1	0	1	1	1	1	0	"锁盒"			0	0
126	-1	0	1	1	1	1	0	"30天钥匙"			0	0
127	-1	0	1	1	1	1	0	"90天钥匙"			0	0
128	-1	0	1	1	1	1	0	"30天点钥匙"			0	0
129	-1	0	1	1	1	1	0	"90天点钥匙"			0	0
130	-1	0	1	1	1	1	0	"3小时特别"			0	0
131	-1	0	1	1	1	1	0	"5小时特别"			0	0
132	-1	0	1	1	1	1	0	"10小时特别"			0	0
133	-1	0	1	1	1	1	0	"高级SD恢复瓶"			0	0
134	-1	0	1	1	1	1	0	"礼包A"			0	0
135	-1	0	1	1	1	1	0	"礼包B"			0	0
136	-1	0	1	1	1	1	0	"礼包C"			0	0
137	-1	0	1	1	1	1	0	"礼包D"			0	0
138	-1	0	1	1	1	1	0	"礼包E"			0	0
139	-1	0	1	1	1	1	0	"礼包F"			0	0
140	-1	0	2	2	1	1	0	"法卷轴"			0	0
141	-1	0	1	1	1	1	0	"旧箱"			0	0
142	-1	0	1	1	1	1	0	"旧箱"			0	0
143	-1	0	1	1	1	1	0	"旧箱"			0	0
144	-1	0	1	1	1	1	0	"旧箱"			0	0
145	-1	0	1	1	1	1	0	"特别门票 7"			0	0
146	-1	0	1	1	1	1	0	"特别门票 8"			0	0
147	-1	0	1	1	1	1	0	"特别门票 9"			0	0
148	-1	0	1	1	1	1	0	"特别门票 10"			0	0
149	-1	0	1	1	1	1	0	"特别门票 11"			0	0
150	-1	0	1	1	1	1	0	"特别门票 12"			0	0
151	-1	0	1	2	1	1	0	"Lv. 1 Letter Of Request"			0	0
152	-1	0	1	2	1	1	0	"Lv. 1 Completion Certificate"			0	0
153	-1	0	1	1	1	1	0	"Stardust"			60	0
154	-1	0	1	1	1	1	0	"卡尔特宝石"			60	0
155	-1	0	2	2	1	1	0	"坦塔罗斯甲"			60	0
156	-1	0	1	3	1	1	0	"凶神甲"			60	0
157	-1	0	1	1	1	1	0	"绿礼盒"			190	0
158	-1	0	1	1	1	1	0	"红礼盒"			190	0
159	-1	0	1	1	1	1	0	"紫礼盒"			190	0
160	-1	0	1	1	1	1	0	"连射宝石"			0	0
161	-1	0	1	1	1	1	0	"戒指宝石"			0	0
162	-1	0	1	1	1	1	0	"扩展背包"			0	0
163	-1	0	1	1	1	1	0	"扩展物品箱"			0	0
169	 0	0	1	1	1	1	0	"铁兵卡牌"		0		0
170	 0	0	1	1	1	1	0	"死神骨"			0		0
171	 0	0	1	1	1	1	0	"鬼王之石"				0		0
172	 0	0	1	1	1	1	0	"羽毛 凤凰"		0		0
173	 0	0	1	1	1	1	0	"火蝙蝠之魂"			0		0
174	 0	0	1	1	1	1	0	"升级套装"			0		0
175	 0	0	1	1	1	1	0	"升级武器"			0		0
181	 0	0	1	2	1	1	0	"(羽毛) Season 4"	0		0								 				
182	 0	0	1	2	1	1	0	"(羽毛) Season 5"	0		0
183	 0	0	1	2	1	1	0	"(羽毛) Season 6"	0		0
184	 0	0	1	2	1	1	0	"(羽毛) VIP"		0		0
192	 0	0	1	1	1	1	0	"5.000 WC"					0		0
193	 0	0	1	1	1	1	0	"10.000 WC"					0		0
194	 0	0	1	1	1	1	0	"20.000 WC"					0		0
195	 0	0	1	1	1	1	0	"50.000 WC"					0		0
196	 0	0	1	1	1	1	0	"100.000 WC"				0		0
197	 0	0	1	1	1	1	0	"200.000 WC"				0		0
198	 0	0	1	1	1	1	0	"500.000 WC"				0		0
199	 0	0	1	1	1	1	0	"500.000 WP"				0		0
200	 0	0	1	1	1	1	0	"血神箱"		0		0
201	 0	0	1	1	1	1	0	"觉醒箱"		0		0
202	 0	0	1	1	1	1	0	"黑神箱"		0		0
203	 0	0	1	1	1	1	0	"圣神箱"		0		0
204	 0	0	1	1	1	1	0	"蓝眼箱"		0		0
205	 0	0	1	1	1	1	0	"箱 银心"		0		0
206	 0	0	1	1	1	1	0	"2级箱"			0		0
207	 0	0	1	1	1	1	0	"VIP箱"			0		0
208	 0	0	1	1	1	1	0	"翅膀箱"			0		0
209	 0	0	1	1	1	1	0	"宠物箱"					0		0
210	 0	0	1	1	1	1	0	"等级宝石 +11"			0		0
211	 0	0	1	1	1	1	0	"等级宝石 +12"			0		0
212	 0	0	1	1	1	1	0	"等级宝石 +13"			0		0
213	 0	0	1	1	1	1	0	"等级宝石 +14"			0		0
214	 0	0	1	1	1	1	0	"等级宝石 +15"			0		0
215	 0	0	1	1	1	1	0	"号码1"						0		0
216	 0	0	1	1	1	1	0	"号码2"						0		0
217	 0	0	1	1	1	1	0	"号码3"						0		0
218	 0	0	1	1	1	1	0	"号码4"						0		0
219	 0	0	1	1	1	1	0	"号码5"						0		0
220	 0	0	1	1	1	1	0	"号码6"						0		0
244	 0	0	1	1	1	1	0	"等级宝石"				0		0
245  0  0   1	1   1 	0   0   "技能宝石"				0		0
246  0  0   1	1   1 	0   0   "幸运宝石"				0		0
247  0  0   1	1   1 	0   0   "技能宝石"			0		0
248  0  0   1	1   1 	0   0   "完美宝石"				0		0
249	 0	0	1	1	1	1	0	"孔装宝石"				0		0
250	 0	0	1	1	1	1	0	"神之宝石1"				0		0
251	 0	0	1	1	1	1	0	"神之宝石2"				0		0
252	 0	0	1	1	1	1	0	"全属性宝石"					0		0
260	 0	0	1	1	1	1	0	"升级宝石"				0		0
261	 0	0	1	1	1	1	0	"戒指宝石"				0		0

end

//Index	Slot	Skill	X	Y	Serial	Option	Drop	Name														level	ReqLvl	ReqEne	BuyMoney	DW/SM	DK/BK	ELF/ME	MG		DL 		SUM		RF
15					
0		-1		  0		1	2	  1		  1		0		"毒爆书"											30		0		100		17000		  1		  0		  0		1		0		0		0
1		-1		  0		1	2	  1		  1		0		"陨石书"											21		0		100		11000		  1		  0		  0		1		0		1		0
2		-1		  0		1	2	  1		  1		0		"闪电书"											13		0		100		3000		  1		  0		  0		1		0		0		0
3		-1		  0		1	2	  1		  1		0		"火球书"											5		0		100		300			  1		  0		  0		1		0		1		0	
4		-1		  0		1	2	  1		  1		0		"火柱书"												35		0		100		21000		  1		  0		  0		1		0		0		0
5		-1		  0		1	2	  1		  1		0		"瞬间移动"										17		0		100		5000		  1		  0		  0		0		0		0		0
6		-1		  0		1	2	  1		  1		0		"冰封书"											25		0		100		14000		  1		  0		  0		1		0		1		0
7		-1		  0		1	2	  1		  1		0		"旋风书"												40		0		100		25000		  1		  0		  0		1		0		0		0
8		-1		  0		1	2	  1		  1		0		"召唤灵魂"										50		0		100		35000		  1		  0		  0		1		0		0		0
9		-1		  0		1	2	  1		  1		0		"地狱火书"											60		0		100		60000		  1		  0		  0		1		0		0		0
10		-1		  0		1	2	  1		  1		0		"音波书"												9		0		100		1150		  1		  0		  0		1		0		1		0
11		-1		  0		1	2	  1		  1		0		"碧水书"										74		0		110		100000		  1		  0		  0		1		0		0		0
12		-1		  0		1	2	  1		  1		0		"流星书"												80		0		150		175000		  1		  0		  0		1		0		0		0
13		-1		  0		1	2	  1		  1		0		"火环书"										88		0		200		265000		  1		  0		  0		1		0		0		0
14		-1		  0		1	2	  1		  1		0		"角色移动"										83		0		188		245000		  2		  0		  0		0		0		0		0
15		-1		  0		1	2	  1		  1		0		"能量圈"										77		0		126		135000		  1		  0		  0		0		0		0		0
16		-1		  0		1	2	  1		  1		0		"毒雨书"											96		0		243		345000		  2		  0		  0		0		0		0		0
17		-1		  0		1	2	  1		  1		0		"冰雪书"										93		0		223		315000		  2		  0		  0		0		0		0		0
18		-1		  0		1	2	  1		  1		0		"书 Nova"													100		0		258		410000		  2		  0		  0		0		0		0		0
19		-1		  0		1	2	  1		  1		0		"雷电书"												75		0		75		175000		  0		  0		  0		0		0		1		0
20		-1		  0		1	2	  1		  1		0		"吸血书"												35		0		93		100000		  0		  0		  0		0		0		1		0
21		-1		  0		1	2	  1		  1		0		"电击书"											93		0		216		315000		  0		  0		  0		0		0		1		0
22		-1		  0		1	2	  1		  1		0		"反弹书"												80		0		111		245000		  0		  0		  0		0		0		1		0
23		-1		  0		1	2	  1		  1		0		"护攻书"												83		0		181		265000		  0		  0		  0		0		0		1		0
24		-1		  0		1	2	  1		  1		0		"催眠书"												40		0		100		135000		  0		  0		  0		0		0		1		0
25		-1		  0		1	2	  1		  1		0		"增魔书"										60		0		100		100000		  0		  0		  0		0		0		1		0
26		-1		  0		1	2	  1		  1		0		"减攻书"										93		0		173		410000		  0		  0		  0		0		0		2		0
27		-1		  0		1	2	  1		  1		0		"减防书"										111		0		201		450000		  0		  0		  0		0		0		2		0
28		-1		  0		1	2	  1		  1		0		"增魔书"											100		220		118		425000		  2		  0		  0		0		0		0		0
29		-1		  0		1	2	  1		  1		0		"光明风暴"												100		220		118		380000		  0		  0		  0		1		0		0		0
30		-1		  0		1	2	  1		  1		0		"物免书"												70		150		0		100000		  0		  0		  0		0		0		0		1
31		-1		  0		1	2	  1		  1		0		"幻影连击书"										80		180		0		175000		  0		  0		  0		0		0		0		1
32		-1		  0		1	2	  1		  1		0		"咆哮书"												70		150		0		100000		  0		  0		  0		0		0		0		1
33		-1		  0		1	2	  1		  1		0		"龙息书"											90		200		0		265000		  0		  0		  0		0		0		0		1
34		-1		  0		1	2	  1		  1		0		"穿透书"											80		120		80		175000		  0		  0		  0		0		0		0		1
35		-1		  0		1	2	  1		  1		0		"增体书"											50		80		35		35000		  0		  0		  0		0		0		0		1
36		-1		  0		1	2	  1		  1		0		"护身书"												40		50		30		25000		  0		  0		  0		0		0		0		1
end

